Unnamed: 0,0,1,2,3,4,5,6,7,8,9,10,11,12,13,14,15,16,17,incidents per month
2010-03-01,0.6278184,-0.580265,-0.91856956,-1.5902689,0.08839989,0.16484459,-0.07369687,-1.3106226,-2.4634,0.69198775,-0.660277,-0.01970043,-0.12910625,-3.1982856,-2.283791,-0.123720795,-1.8796376,0.9569342,0
2010-04-01,0.58677256,-0.47599632,-0.8022897,-1.5812651,0.1052691,0.16089529,-0.045544557,-1.3028755,-2.3068893,0.7102351,-0.67219746,-0.04751578,-0.13108759,-3.044554,-2.1832001,-0.1901782,-1.9199578,0.9973622,0
2010-05-01,0.6444068,-0.46845967,-0.7628102,-1.5798974,0.05992294,0.18729389,-0.015569314,-1.3101056,-2.2808092,0.65640795,-0.6038799,-0.011304102,-0.08184573,-2.9982524,-2.1639707,-0.19832072,-1.9098043,1.0156864,1
2010-06-01,0.6218339,-0.47327062,-0.70236135,-1.6080053,0.014189456,0.21518697,0.02335966,-1.2919247,-2.3129296,0.58184296,-0.6157244,0.05129351,0.016203698,-3.0259182,-2.2409582,-0.24322575,-1.9778781,1.0203274,2
2010-07-01,0.62299967,-0.39904404,-0.54139054,-1.5790671,0.060224667,0.15358242,0.1117494,-1.1691083,-2.2240894,0.64618915,-0.562767,-0.019277008,-0.037404,-2.9051712,-2.1346512,-0.30466628,-1.9321655,1.0487927,0
2010-08-01,0.64651126,-0.36290124,-0.50700945,-1.4817691,0.08791301,0.08223452,0.20465611,-1.1044464,-2.2403831,0.6952754,-0.5202087,-0.04641518,-0.085321784,-2.891914,-2.1072214,-0.32482812,-1.8449588,1.0528,1
2010-09-01,0.62315965,-0.33873615,-0.4528898,-1.4698975,0.012700581,0.04481907,0.23150343,-1.0779341,-2.2111156,0.7148395,-0.51611656,0.0018582735,-0.0650307,-2.8066895,-2.1022196,-0.2998183,-1.8823822,1.0513631,0
2010-10-01,0.5684007,-0.28001824,-0.32576215,-1.4765371,0.08818022,-0.03847111,0.23984602,-1.0914487,-2.1830003,0.7257883,-0.52794313,-0.10340318,-0.082647964,-2.7854664,-2.0191464,-0.44895774,-1.8634484,1.126049,0
2010-11-01,0.572832,-0.35546008,-0.22468953,-1.3663725,0.08054428,-0.040744744,0.38212764,-1.0861818,-2.1523879,0.8430118,-0.53018224,-0.009306181,-0.061901875,-2.7281694,-2.0298421,-0.3598234,-1.6784518,1.0449227,0
2010-12-01,0.4894942,-0.35987288,-0.06589019,-1.2757612,0.06870116,-0.19120584,0.40051678,-1.1524996,-2.1598866,0.9773236,-0.6115623,-0.06383081,0.016892727,-2.6847734,-2.0606666,-0.49955708,-1.6303641,1.0548688,2
2011-01-01,0.46863294,-0.3574545,0.080569744,-1.1007538,-0.04078629,-0.32683128,0.676098,-1.008194,-2.1302407,1.0790765,-0.6712234,0.07922058,0.059604924,-2.61666,-2.0936506,-0.5192149,-1.4869336,0.9472958,4
2011-02-01,0.4001807,-0.38446218,0.09197011,-0.9067639,-0.064751446,-0.38948998,0.7407726,-0.981188,-2.0755606,1.1117663,-0.6246697,0.13438305,0.057805534,-2.5156193,-2.0691912,-0.43190062,-1.3033159,0.8872648,3
2011-03-01,0.39562422,-0.3008313,0.15694897,-0.8413827,0.032775518,-0.55190516,0.8362185,-0.8427398,-2.0611959,1.155818,-0.6125591,-0.060815636,-0.019931652,-2.4590209,-1.9995745,-0.6324607,-1.2848083,0.92245954,3
2011-04-01,0.36570317,-0.318136,0.22374175,-0.7102283,0.010821674,-0.6074112,0.99085486,-0.77636063,-2.0213187,1.2399907,-0.68016434,-0.03942076,0.019400503,-2.4350402,-2.0388963,-0.63684034,-1.177942,0.8565795,1
2011-05-01,0.33830374,-0.33134237,0.15023264,-0.74466723,-0.081088044,-0.6262241,0.8771732,-0.8790685,-2.0708418,1.3110263,-0.76207256,-0.10678433,0.049668793,-2.5038474,-2.1140747,-0.65366256,-1.3069597,0.8214347,1
2011-06-01,0.3313176,-0.34580407,0.14499561,-0.73554265,-0.1412352,-0.6452403,0.8576547,-0.94453305,-2.0863636,1.3577867,-0.8135027,-0.09226677,0.08206554,-2.507825,-2.1570284,-0.6779627,-1.3151749,0.7752042,2
2011-07-01,0.2566861,-0.28421807,0.32515755,-0.65967107,-0.11759608,-0.8019486,0.8832499,-0.88662225,-2.0669844,1.5109437,-0.83757293,-0.22853692,0.01891571,-2.4588988,-2.129401,-0.8012168,-1.3028595,0.78547734,0
2011-08-01,0.23695412,-0.23564062,0.40763938,-0.56921273,-0.086400345,-0.932739,1.019143,-0.8177098,-2.0536222,1.6076655,-0.83591115,-0.3096876,-0.015561666,-2.4290433,-2.1410315,-0.88002,-1.2524695,0.79675156,2
2011-09-01,0.21700305,-0.18115264,0.5354344,-0.4630005,-0.14739007,-0.94897294,1.0751085,-0.7327579,-1.9472741,1.6313182,-0.797576,-0.26034948,0.014945529,-2.245768,-2.0069592,-0.82466847,-1.1738074,0.76634383,3
2011-10-01,0.19188543,-0.055086337,0.6022075,-0.42410406,-0.06411366,-0.9943528,1.1195061,-0.6907426,-1.8298308,1.6601739,-0.81387496,-0.36749554,-0.073120944,-2.0409458,-1.842404,-0.8741305,-1.0939572,0.81449085,4
2011-11-01,0.14146584,-0.100989856,0.7047591,-0.2821225,-0.048746325,-1.0890841,1.2629997,-0.7464792,-1.7862805,1.7535001,-0.7772649,-0.36844352,-0.04443481,-1.9095027,-1.7980382,-0.8314073,-0.8941353,0.7968984,1
2011-12-01,0.09592335,-0.07336513,0.78440934,-0.27415088,-0.038853794,-1.1034827,1.2508085,-0.796952,-1.7192341,1.805016,-0.816564,-0.4128238,-0.011421761,-1.7927333,-1.6999987,-0.8381578,-0.86516714,0.7991975,1
2012-01-01,0.069575906,-0.009502679,0.88395023,-0.25460458,-0.024034908,-1.119176,1.3357974,-0.712593,-1.5980562,1.7803891,-0.7703044,-0.4406357,-0.06208177,-1.6587278,-1.570193,-0.8301617,-0.8313383,0.7927036,0
2012-02-01,-0.0055730864,-3.2424927e-05,0.8736452,-0.18476921,-0.03321655,-1.1245779,1.2472603,-0.76443046,-1.6042656,1.7910908,-0.786412,-0.47157735,-0.03329659,-1.6361506,-1.5508704,-0.79241955,-0.8151266,0.7936958,4
2012-03-01,-0.01653976,0.12731369,0.9881841,-0.24581005,0.043054115,-1.204816,1.3344924,-0.61697507,-1.5471121,1.7610812,-0.7681969,-0.52156454,-0.18064414,-1.5607041,-1.5062801,-0.8982858,-0.84640574,0.8657833,0
2012-04-01,0.034772277,0.12803724,0.99155706,-0.3243167,-0.004429778,-1.145405,1.2646914,-0.67323685,-1.5301518,1.7775316,-0.78967345,-0.54976034,-0.17481665,-1.5592326,-1.4291401,-0.89206505,-0.92089534,0.8311423,0
2012-05-01,0.059257694,0.14973888,1.0219367,-0.33964074,0.022248263,-1.1130822,1.2496532,-0.6381064,-1.4520012,1.7411144,-0.7654587,-0.60852396,-0.22189915,-1.5071703,-1.321024,-0.9119991,-0.9098788,0.7995087,2
2012-06-01,0.09877136,0.17267007,1.0474038,-0.42134997,-0.0029746983,-1.0176588,1.2338735,-0.6426855,-1.3696872,1.6973796,-0.79033244,-0.54877985,-0.16591913,-1.434173,-1.2570943,-0.90067816,-0.98363215,0.77689654,1
2012-07-01,0.07224527,0.24278747,1.1210084,-0.43752518,0.046405405,-1.084249,1.2580894,-0.6045978,-1.3530698,1.711593,-0.8322022,-0.63633007,-0.16769467,-1.3941042,-1.1648934,-0.9524547,-1.0201516,0.88672894,1
2012-08-01,0.11918039,0.25467345,1.1445261,-0.4477221,0.08327739,-1.132467,1.3280133,-0.53137445,-1.3738115,1.6746783,-0.79007983,-0.62468314,-0.16444783,-1.3718083,-1.1150147,-0.9167828,-1.0056427,0.98922056,2
2012-09-01,0.08082059,0.22863579,1.2015016,-0.4018338,0.089027815,-1.1743048,1.3077893,-0.58160824,-1.3577688,1.6846144,-0.7737003,-0.6722512,-0.16772199,-1.3595893,-1.0575731,-0.91013837,-0.9607767,0.98029786,2
2012-10-01,0.07241115,0.34019336,1.2226722,-0.4652726,0.04858748,-1.172079,1.2660687,-0.578684,-1.2724301,1.6520876,-0.788881,-0.76563674,-0.21493119,-1.2717586,-0.9403482,-0.8383782,-0.9914515,1.0346342,0
2012-11-01,0.03126361,0.38303348,1.2672926,-0.47841904,0.04615509,-1.2246543,1.2873219,-0.65561295,-1.2444576,1.6736633,-0.82267946,-0.8127085,-0.22995774,-1.209278,-0.8984384,-0.8515222,-0.9653539,1.0554285,1
2012-12-01,0.06324779,0.524711,1.2371036,-0.5655517,-0.03625992,-1.1869031,1.1944909,-0.7175668,-1.1821829,1.7059889,-0.8128285,-0.85608536,-0.27486336,-1.0609134,-0.8438926,-0.80461675,-1.0274078,1.0545957,0
2013-01-01,0.007250171,0.5940925,1.3126913,-0.458419,-0.07990912,-1.2251564,1.1679987,-0.75611174,-1.1328009,1.7636559,-0.7983856,-0.9640221,-0.29603797,-0.98508066,-0.7704417,-0.8112948,-1.0153419,1.0427943,1
2013-02-01,0.005618524,0.50496715,1.3801557,-0.4208552,-0.0922743,-1.3000315,1.1513681,-0.8496694,-1.1966523,1.8112252,-0.76020443,-0.90411246,-0.22211803,-0.9300101,-0.75478786,-0.7487526,-0.946218,1.0589006,0
2013-03-01,0.10950308,0.5690169,1.3804795,-0.45592248,-0.02410893,-1.293433,1.0942886,-0.76581436,-1.1554328,1.824941,-0.7593959,-1.0970901,-0.3175542,-1.0071217,-0.6123321,-0.82983124,-1.0122534,1.1600426,0
2013-04-01,0.09120329,0.6081015,1.4342617,-0.4677711,-0.0032153744,-1.3220726,1.1598572,-0.72721285,-1.1400564,1.8040164,-0.79807603,-1.1355828,-0.34333423,-1.101304,-0.622619,-0.8857321,-1.0660502,1.2008369,1
2013-05-01,0.15899396,0.6137609,1.436942,-0.4539203,-0.007334683,-1.2591515,1.0697243,-0.74125564,-1.0572525,1.8047664,-0.74099445,-1.2555095,-0.38659906,-1.0270107,-0.48754287,-0.87785786,-1.0617948,1.1255925,1
2013-06-01,0.1594843,0.6877658,1.4445622,-0.56274956,-0.0736673,-1.2128582,0.9306847,-0.787182,-1.0194198,1.8340844,-0.7929999,-1.3101445,-0.40809876,-1.0160536,-0.45773137,-0.86225766,-1.2304537,1.1118282,0
2013-07-01,0.18715614,0.77480215,1.4689562,-0.5960312,-0.0628492,-1.2675883,0.89856374,-0.77753776,-1.026949,1.8140211,-0.78862035,-1.4539332,-0.46341226,-1.0193217,-0.4011829,-0.9125479,-1.3131248,1.2320181,0
2013-08-01,0.21174541,0.79717433,1.5225182,-0.59565043,-0.040067635,-1.3019849,0.9669851,-0.71969104,-0.98452705,1.8456765,-0.8213037,-1.4967862,-0.505425,-1.0834,-0.33915943,-0.9226136,-1.3293931,1.2521988,1
2013-09-01,0.16454326,0.8281654,1.5193539,-0.539998,-0.026654495,-1.318401,0.90391266,-0.74127966,-0.9157931,1.8154372,-0.78283685,-1.5650139,-0.50195503,-0.9602105,-0.1911827,-0.84465253,-1.2513928,1.2644275,1
2013-10-01,0.17583627,0.9251035,1.5411988,-0.5569502,-0.076800734,-1.3099606,0.95074594,-0.6378408,-0.8317234,1.717683,-0.74086255,-1.629992,-0.57221603,-0.85256857,-0.0678474,-0.75649023,-1.2003798,1.2838991,3
2013-11-01,0.2215903,0.9157355,1.5614872,-0.5826442,-0.10878762,-1.3032994,0.9546455,-0.67155635,-0.8294274,1.7536308,-0.7042918,-1.6117709,-0.5857219,-0.77338797,0.011545103,-0.71852696,-1.1491928,1.2267083,1
2013-12-01,0.20397949,1.0139673,1.6102889,-0.6217601,-0.16536634,-1.289741,0.8672097,-0.71621627,-0.76885444,1.7676611,-0.712534,-1.7002132,-0.6019767,-0.6388881,0.088553645,-0.67812693,-1.175108,1.2135264,3
2014-01-01,0.18950424,1.0829746,1.6144283,-0.5238337,-0.18779033,-1.2698157,0.928035,-0.62061906,-0.7097321,1.7098906,-0.62876713,-1.7112898,-0.62121576,-0.5859619,0.18864566,-0.60735774,-1.1282147,1.2054893,0
2014-02-01,0.12424123,1.0703818,1.7079352,-0.55237216,-0.25638273,-1.2788779,0.9362074,-0.645529,-0.6981211,1.6891526,-0.661935,-1.6425719,-0.5695831,-0.5296634,0.19405663,-0.51643914,-1.1387846,1.1412069,4
2014-03-01,0.25459012,1.1870767,1.683155,-0.5140225,-0.27067217,-1.1867262,1.0155644,-0.42667928,-0.625631,1.5939038,-0.5217056,-1.7327077,-0.70674425,-0.5427378,0.3804137,-0.5359915,-1.1900209,1.1385212,5
2014-04-01,0.27882218,1.2538882,1.7076445,-0.5964832,-0.2667426,-1.1795443,0.9625646,-0.42852774,-0.60764205,1.6026876,-0.5861258,-1.8184696,-0.70504546,-0.5349667,0.4214554,-0.5429483,-1.2610805,1.1456627,2
2014-05-01,0.3376754,1.374531,1.5957029,-0.5675146,-0.26422995,-1.1183126,0.91550183,-0.36853626,-0.51874775,1.5418621,-0.51904315,-1.9286147,-0.8098609,-0.51669097,0.5787306,-0.5394221,-1.2946014,1.1617523,5
2014-06-01,0.3641227,1.3600755,1.5941104,-0.554112,-0.26923606,-1.1365557,0.90612614,-0.4178074,-0.49864784,1.544918,-0.46814075,-1.9132581,-0.7951434,-0.5051789,0.5867562,-0.46647233,-1.2731719,1.1550972,7
2014-07-01,0.37590212,1.3508747,1.5576711,-0.49027988,-0.21486643,-1.1644825,0.90266895,-0.38294202,-0.5164653,1.5164475,-0.4720324,-1.9735608,-0.8007381,-0.53937864,0.64647937,-0.50322473,-1.2664332,1.2081865,0
2014-08-01,0.41380543,1.3115441,1.5822718,-0.42005658,-0.1523235,-1.1827973,1.0392575,-0.2679682,-0.48881033,1.4491531,-0.43338445,-2.004035,-0.8318132,-0.6209888,0.73117584,-0.53229934,-1.1999722,1.204777,3
2014-09-01,0.42649114,1.2846606,1.5449436,-0.39711925,-0.12510654,-1.177978,1.0478524,-0.2009663,-0.40025696,1.3455987,-0.38420516,-1.9999443,-0.82544804,-0.6029102,0.8269068,-0.51938564,-1.1553459,1.1855959,0
2014-10-01,0.41309243,1.307144,1.5757755,-0.4411387,-0.11680683,-1.2243173,1.0519146,-0.16890721,-0.32582468,1.2703884,-0.3884176,-2.0676572,-0.84673524,-0.573736,0.94749707,-0.48538315,-1.1482712,1.1999034,7
2014-11-01,0.35688603,1.3203584,1.5453852,-0.47432265,-0.10031685,-1.1894727,0.9948107,-0.13228177,-0.3202143,1.256975,-0.3880275,-2.048234,-0.8293323,-0.5882295,0.9636027,-0.44511253,-1.1437548,1.217692,10
2014-12-01,0.36727756,1.3792003,1.6091515,-0.53478813,-0.10793308,-1.2115328,1.0764676,-0.0508126,-0.22413136,1.2066066,-0.34242013,-2.0936098,-0.8847028,-0.5497247,1.0434206,-0.45308617,-1.113518,1.1577863,6
2015-01-01,0.3938505,1.3399918,1.606123,-0.466546,-0.115680166,-1.1633013,1.1479183,0.016040996,-0.15348612,1.1182837,-0.2839347,-2.0602918,-0.8822105,-0.55457807,1.1185123,-0.42340407,-1.0857552,1.0745198,5
2015-02-01,0.38075233,1.3495018,1.5855013,-0.46337667,-0.07900892,-1.1312497,1.0961579,0.019147506,-0.19846778,1.1410111,-0.23737118,-2.0399756,-0.82573986,-0.51722777,1.1373241,-0.39836994,-1.0694858,1.0354426,7
2015-03-01,0.45983166,1.4069188,1.6097941,-0.4310794,-0.11104139,-1.1318699,1.208939,0.10305423,-0.20411557,1.0967774,-0.20248291,-2.1023464,-0.914981,-0.54987746,1.1502314,-0.4109297,-1.1466163,1.0720206,10
2015-04-01,0.5091391,1.3552397,1.617661,-0.40448585,-0.058752567,-1.1053747,1.2741976,0.22066206,-0.18701601,1.0352116,-0.16419274,-2.1188476,-0.89600676,-0.6599969,1.1896355,-0.3899865,-1.1532407,1.058964,11
2015-05-01,0.5702274,1.3506107,1.6404558,-0.34356263,-0.039145455,-1.144029,1.2859495,0.19121374,-0.17082146,1.0860502,-0.14167017,-2.1801362,-0.9462526,-0.67873967,1.2188882,-0.43881184,-1.1788433,1.1110023,11
2015-06-01,0.5947506,1.295867,1.6092305,-0.34211516,-0.0032293014,-1.1033169,1.3304948,0.21269906,-0.11886833,1.084641,-0.072038315,-2.1253486,-0.90328866,-0.7047575,1.1942412,-0.40722424,-1.1436081,1.0182805,16
2015-07-01,0.63603306,1.3560827,1.6196301,-0.41925666,-0.0062967464,-1.0892799,1.4391282,0.35798308,-0.103231385,1.0843973,-0.08000563,-2.1284368,-0.92622197,-0.7879263,1.2178081,-0.37920263,-1.1806064,1.0102746,5
2015-08-01,0.7034006,1.2698429,1.5854607,-0.34183994,0.10952696,-1.1363246,1.5281082,0.28958625,-0.16848873,1.1053632,-0.028603472,-2.1237814,-0.90151536,-0.80433035,1.181501,-0.3981103,-1.0675285,1.1092608,21
2015-09-01,0.710632,1.2806991,1.5432905,-0.37748373,0.14239818,-1.1542244,1.4771948,0.3744665,-0.085602194,1.0137962,0.0007338971,-2.1931334,-0.94117045,-0.7924226,1.3405594,-0.36564547,-1.0386002,1.1131755,10
2015-10-01,0.6786061,1.3157778,1.5823646,-0.40649384,0.072917156,-1.1160727,1.4964653,0.47548053,0.05042103,0.86419135,0.021151379,-2.2069068,-0.95700455,-0.74056447,1.4570783,-0.32282084,-1.0838552,1.049864,7
2015-11-01,0.6606982,1.3324795,1.5994395,-0.45910034,0.03021495,-1.1092278,1.4566951,0.46999875,0.08247425,0.86934096,-0.006579209,-2.2077122,-0.977807,-0.70984024,1.5109192,-0.2759973,-1.0796541,1.0215414,1
2015-12-01,0.7227355,1.3238142,1.644452,-0.52373534,-0.015174711,-1.1021059,1.4331591,0.48919302,0.18182708,0.8550759,0.06017465,-2.234299,-0.9740452,-0.6235769,1.6082025,-0.2485155,-1.0728364,0.89289516,0
2016-01-01,0.72255766,1.2952564,1.6818701,-0.49255857,0.03846538,-1.1606988,1.4844502,0.512463,0.21030979,0.8462795,0.022583593,-2.2587028,-0.97683996,-0.63777834,1.6566195,-0.3070755,-1.032256,0.873879,0
2016-02-01,0.7348826,1.2809858,1.6708835,-0.55398095,0.06271111,-1.1460228,1.4543558,0.5788629,0.21749613,0.8282686,0.056001887,-2.2304401,-0.9563014,-0.63625556,1.7104146,-0.25869974,-0.9866462,0.80991334,0
2016-03-01,0.76016873,1.2540904,1.6922008,-0.46998084,0.17077994,-1.2086242,1.5706092,0.7155096,0.1896344,0.8103894,0.08283925,-2.2918847,-1.0023545,-0.76488835,1.7459173,-0.34339446,-0.9420572,0.9140171,0
2016-04-01,0.7377018,1.1527143,1.7121196,-0.4492313,0.24638858,-1.2593814,1.6591125,0.7104937,0.1528866,0.85217696,0.050128326,-2.2456312,-0.948983,-0.8102653,1.6879479,-0.3667075,-0.8759928,0.9009072,1
2016-05-01,0.7833755,1.1736573,1.6702513,-0.43079343,0.26778826,-1.2408867,1.7283449,0.72775984,0.2037554,0.8000915,0.07409635,-2.2283967,-0.93867135,-0.7772086,1.6596413,-0.37098053,-0.83473974,0.9125199,0
2016-06-01,0.7846402,1.1368756,1.6665746,-0.42859098,0.25871927,-1.2044107,1.7062101,0.6727955,0.23143876,0.84858084,0.071487814,-2.1757007,-0.8867672,-0.7793574,1.6098759,-0.33508,-0.8572557,0.8381198,0
2016-07-01,0.77250195,1.058308,1.6927037,-0.4142209,0.33559808,-1.2856636,1.794571,0.7048936,0.16383064,0.89100516,0.06888366,-2.1635425,-0.8600017,-0.8784635,1.5711595,-0.3038493,-0.781981,0.8830736,0
2016-08-01,0.846655,0.9825994,1.7671498,-0.31189352,0.37458858,-1.3415827,1.9639864,0.7116648,0.12130124,0.934762,0.10282469,-2.118101,-0.85774,-0.90246236,1.5526291,-0.33011925,-0.7001443,0.91624284,1
2016-09-01,0.8795121,0.9700155,1.7431619,-0.3763923,0.4067694,-1.3435925,1.9585847,0.75679135,0.15725437,0.916939,0.114687555,-2.0710516,-0.85843134,-0.92868084,1.5985336,-0.2993539,-0.6767248,0.93649596,0
2016-10-01,0.89918077,0.8326686,1.8581355,-0.37541953,0.45253256,-1.3735079,2.031572,0.7969251,0.13250667,0.98077655,0.14778066,-1.9551371,-0.8377359,-0.9748007,1.5501258,-0.29061478,-0.6170159,0.8957847,0
2016-11-01,0.9109028,0.8323344,1.9161568,-0.452501,0.45705175,-1.3744744,2.0253437,0.7841377,0.1261659,1.0286299,0.12141969,-1.9359071,-0.82993174,-0.940556,1.5214633,-0.30699044,-0.6499802,0.8507268,0
2016-12-01,0.9455502,0.8722114,2.0229623,-0.50047415,0.42796615,-1.3347195,2.0526812,0.8640039,0.22523183,1.0036689,0.14253873,-1.9142296,-0.8674632,-0.8762434,1.5752589,-0.32770455,-0.7504339,0.7924349,0
2017-01-01,0.9063145,0.71688306,1.9732287,-0.42706546,0.49814445,-1.3885509,2.1046045,0.84131646,0.17705731,0.9869685,0.125826,-1.8553954,-0.76941913,-0.96807605,1.5452703,-0.30217665,-0.58400977,0.83776253,1
2017-02-01,0.87918246,0.67350996,1.9826875,-0.4536495,0.5133217,-1.3969972,2.1148467,0.8746086,0.19160128,0.9649441,0.14854246,-1.7862129,-0.7712993,-0.98719615,1.5427293,-0.23027772,-0.5498932,0.81314903,0
2017-03-01,0.88694227,0.69714934,1.9207153,-0.37717244,0.56680983,-1.3384949,2.1372137,0.92326164,0.12530021,0.97070223,0.20831758,-1.8132287,-0.76006,-0.9648653,1.5571301,-0.28202617,-0.5045916,0.8450621,0
2017-04-01,0.8829046,0.5472936,1.9603313,-0.30579093,0.6520647,-1.3693049,2.2477996,0.9087683,0.0457286,0.9842334,0.22407222,-1.6988311,-0.6585171,-1.0271708,1.4239948,-0.2740353,-0.41211864,0.8658466,0
2017-05-01,0.83606166,0.49590212,2.0481093,-0.21933027,0.6279817,-1.3643539,2.2697067,0.91523093,0.035678454,0.99762464,0.1907559,-1.7496847,-0.6558217,-1.1326896,1.4404782,-0.29088995,-0.3671915,0.85165447,1
2017-06-01,0.83788794,0.47184086,2.0641353,-0.19957809,0.64870346,-1.318117,2.2586913,0.8666011,0.044101603,1.072309,0.16821542,-1.6946547,-0.5948109,-1.13543,1.3803786,-0.29522339,-0.38778615,0.8058712,0
2017-07-01,0.8251533,0.44994903,2.1052673,-0.13632114,0.630667,-1.3648717,2.3785417,0.85157925,0.027873857,1.0398886,0.13663302,-1.7675321,-0.5581888,-1.2307073,1.4027057,-0.26174122,-0.3410566,0.8513966,0
2017-08-01,0.82542163,0.28585273,2.1542604,-0.05073732,0.7368622,-1.3901285,2.518497,0.8976451,0.0073618237,1.0676551,0.13238671,-1.6818626,-0.46842054,-1.2937245,1.3688085,-0.32957727,-0.21372211,0.8272738,1
2017-09-01,0.834635,0.27811858,2.173931,-0.067408316,0.7237578,-1.4022384,2.5610714,0.97195655,0.04723055,1.0103381,0.17564017,-1.6400586,-0.48986098,-1.260669,1.4194114,-0.26657838,-0.17112343,0.81156015,0
2017-10-01,0.86676663,0.28084123,2.2394152,-0.13019331,0.72573906,-1.3205845,2.537855,1.0821146,0.07206942,0.97785527,0.24069595,-1.5676266,-0.52055144,-1.178027,1.4746726,-0.20266995,-0.16284005,0.76053673,4
2017-11-01,0.9018846,0.22986205,2.2511876,-0.15887253,0.6703996,-1.2505118,2.5280757,1.1053871,0.11981403,0.9182395,0.27248406,-1.4965739,-0.540408,-1.0965859,1.5508772,-0.09576639,-0.111648634,0.6784105,0
2017-12-01,0.93263346,0.2728878,2.310332,-0.2552941,0.6884213,-1.1748747,2.4629238,1.2141116,0.20957935,0.8662641,0.32250366,-1.4813584,-0.5827746,-0.98780364,1.632719,-0.046381623,-0.14113896,0.62222165,2
2018-01-01,0.90298325,0.21178812,2.295453,-0.17949738,0.7045289,-1.1617166,2.4417746,1.2766677,0.16565311,0.8290948,0.40203327,-1.4489136,-0.5423761,-0.97541624,1.6483172,-0.02454434,-0.048593003,0.6075149,2
2018-02-01,0.95799786,0.14408824,2.3441916,-0.16724412,0.68677557,-1.183623,2.4461973,1.3149072,0.20069847,0.7820668,0.50179905,-1.3872108,-0.5631421,-0.9448923,1.738543,0.07115301,0.012869667,0.5900984,0
2018-03-01,0.9878302,0.1430703,2.4215086,-0.15480767,0.7534671,-1.1948965,2.4786913,1.4210967,0.22024287,0.75314987,0.57803875,-1.4365237,-0.6037619,-0.9316441,1.8121961,0.04392398,0.030123752,0.61645323,0
2018-04-01,0.9706741,0.10234165,2.5124483,-0.13211222,0.7439736,-1.1791525,2.499652,1.4831895,0.27361068,0.69138825,0.5814049,-1.4521613,-0.58571696,-0.96674305,1.8669293,0.093577005,0.059830975,0.60240495,0
2018-05-01,0.99836826,0.12640336,2.4800498,-0.1657711,0.7241186,-1.1549654,2.4899397,1.490007,0.3663322,0.6175613,0.57728666,-1.4698966,-0.61702794,-0.88840395,1.9268402,0.07651444,0.04384489,0.59333855,2
2018-06-01,0.9744102,0.14799006,2.4384835,-0.27807364,0.73246,-1.1059806,2.414704,1.4945008,0.4349067,0.59829074,0.53401697,-1.4659973,-0.59553623,-0.8893437,1.9665828,0.14958608,0.04332484,0.56860334,0
2018-07-01,0.95196384,0.14328896,2.4447615,-0.26493904,0.7636457,-1.1350232,2.4377706,1.5158948,0.42475528,0.5844324,0.5474444,-1.5002247,-0.59497917,-0.88963354,1.9799299,0.13394623,0.067045406,0.5939832,2
2018-08-01,0.97307813,0.18792719,2.4949245,-0.2784432,0.78015196,-1.1183408,2.471515,1.5906061,0.45087242,0.59414774,0.56957847,-1.5159473,-0.6238417,-0.84283406,2.0184586,0.1066427,0.044725697,0.5934734,0
2018-09-01,0.9765912,0.23435877,2.4353952,-0.3114358,0.7237123,-1.067219,2.424808,1.589518,0.49129003,0.5597299,0.59439594,-1.5131059,-0.6351739,-0.7976492,2.0838737,0.19317298,0.0260912,0.5814546,1
2018-10-01,0.96344453,0.2548586,2.469357,-0.3405255,0.73009276,-1.018257,2.4264307,1.6768881,0.51602566,0.48513195,0.6028422,-1.5334766,-0.6349882,-0.7934704,2.147043,0.22356625,0.04191823,0.5929183,0
2018-11-01,0.9642726,0.24332128,2.5587575,-0.41652033,0.74743783,-0.98991215,2.3953655,1.7760943,0.5420906,0.44409975,0.6467851,-1.5107453,-0.65244406,-0.7932869,2.207812,0.29789457,0.051749658,0.57176876,0
2018-12-01,1.0260249,0.29193282,2.5803237,-0.4851878,0.72576857,-0.8831073,2.3370194,1.8202028,0.6012976,0.40659282,0.7252126,-1.5194743,-0.69977975,-0.67222804,2.303801,0.37929416,0.03528176,0.5367276,0
2019-01-01,0.9785469,0.21730839,2.5817242,-0.4742228,0.74891645,-0.9344302,2.3797455,1.8175187,0.5556738,0.4048588,0.6727343,-1.4558437,-0.61120105,-0.75066173,2.2524443,0.32601213,0.06930776,0.5162947,0
2019-02-01,0.9699955,0.12816732,2.5916963,-0.44900528,0.74103314,-0.98236215,2.3856056,1.7870375,0.5033264,0.4156801,0.6941317,-1.391944,-0.5697625,-0.7948864,2.225211,0.392688,0.14278929,0.5183587,1
2019-03-01,0.99990857,0.21618025,2.5639238,-0.3576783,0.73476136,-0.9799825,2.3532093,1.8249139,0.58602095,0.31065768,0.7668567,-1.571134,-0.6592092,-0.74828863,2.3389142,0.36042637,0.15847777,0.5868826,1
2019-04-01,0.98296994,0.20169915,2.6320453,-0.36478725,0.74386,-0.9597503,2.3854146,1.8985553,0.52609056,0.34339854,0.75245744,-1.5235623,-0.6069094,-0.8056004,2.2879198,0.32953283,0.16941358,0.5628538,2
2019-05-01,1.058404,0.2168399,2.6338706,-0.3566621,0.76818424,-0.9592868,2.3973796,1.8716502,0.5525255,0.38632852,0.75571924,-1.5070423,-0.6384129,-0.75001913,2.282356,0.26160246,0.14066099,0.567693,3
2019-06-01,1.0462749,0.184913,2.671724,-0.38945395,0.820073,-0.9613227,2.32778,1.8690027,0.526868,0.40457258,0.76215374,-1.5180935,-0.5974758,-0.7786344,2.257472,0.2743995,0.19555001,0.57395285,1
2019-07-01,1.0681026,0.19710876,2.6452749,-0.35724363,0.8147126,-0.9533791,2.3075306,1.8450588,0.55124265,0.3915534,0.7976868,-1.546821,-0.60957605,-0.70172876,2.268515,0.24897812,0.188982,0.55812305,3
2019-08-01,1.1059406,0.27419055,2.6782606,-0.3777512,0.80242884,-0.9688163,2.339765,1.8504703,0.60756934,0.38964632,0.7659759,-1.6236707,-0.65317076,-0.7018589,2.3476455,0.22076145,0.1313266,0.58772284,3
2019-09-01,1.0968778,0.19618745,2.7051945,-0.39229923,0.8439476,-0.9810142,2.388318,1.9025187,0.613191,0.35469425,0.7669239,-1.5742408,-0.6118161,-0.7191861,2.3754702,0.22739495,0.18456055,0.5913342,1
2019-10-01,1.1169682,0.27526468,2.7762156,-0.4225925,0.83598334,-0.9334883,2.4150932,2.0039027,0.65039015,0.30434442,0.81138283,-1.5762025,-0.6710039,-0.6424462,2.3867831,0.2161074,0.1212167,0.588556,3
2019-11-01,1.1341184,0.30158198,2.7702086,-0.46621498,0.80909926,-0.8579051,2.358543,2.0638354,0.70431495,0.25192353,0.8735083,-1.5778078,-0.7003848,-0.552072,2.4653857,0.25518793,0.10822867,0.5394466,5
2019-12-01,1.1676754,0.34402663,2.8714886,-0.574729,0.788676,-0.8028226,2.2915888,2.1476817,0.7606552,0.22745645,0.9354195,-1.6057146,-0.72066915,-0.4991349,2.543728,0.3270516,0.08296956,0.48944244,8
2020-01-01,1.1198912,0.31250134,2.8226473,-0.5524309,0.8463467,-0.81649786,2.2211225,2.224576,0.7543952,0.186533,1.0167385,-1.5600759,-0.7426368,-0.4898393,2.5571477,0.3380586,0.13719974,0.47995007,4
2020-02-01,1.0243871,0.28769574,2.8392117,-0.5168612,0.7772691,-0.85694194,2.2379627,2.2368703,0.675287,0.17390552,0.99906117,-1.5004336,-0.7676978,-0.60078746,2.5151129,0.4414965,0.14660318,0.43620008,4
2020-03-01,1.0041533,0.3144705,2.7804694,-0.48152706,0.846919,-0.7922535,2.231419,2.2350085,0.6689141,0.15684587,0.9813012,-1.5232543,-0.71841425,-0.5959246,2.4545224,0.3728703,0.07544209,0.54853964,1
2020-04-01,0.9245982,0.23214899,2.7153664,-0.46742684,0.7957207,-0.7584232,2.1296122,2.1771643,0.5749234,0.1279687,0.9361685,-1.4545765,-0.6050002,-0.7459947,2.352977,0.49108043,0.1305895,0.5507295,3
2020-05-01,0.9296315,0.26877886,2.6350303,-0.50537354,0.7908494,-0.64634323,1.9939783,2.1520379,0.56254727,0.16968784,0.9527788,-1.4273937,-0.6102485,-0.7079292,2.3356588,0.5224121,0.09223677,0.5215203,3
2020-06-01,0.8698136,0.276069,2.6021836,-0.54409814,0.8091232,-0.56537443,1.9214951,2.1178792,0.4857847,0.24720535,0.92199785,-1.3572806,-0.54356736,-0.7464732,2.2379017,0.4862359,0.043246996,0.52681935,1
2020-07-01,0.8075622,0.35378736,2.5221918,-0.5605723,0.7785612,-0.540855,1.9502621,2.0392637,0.5168533,0.24782047,0.7895213,-1.3850992,-0.50191027,-0.7736643,2.1727865,0.41458514,-0.067265734,0.5214012,3
2020-08-01,0.8357851,0.35896817,2.5620058,-0.49329102,0.75439066,-0.5867391,2.0401201,1.976038,0.54098845,0.24668851,0.74460524,-1.4803696,-0.5140419,-0.8526748,2.2298174,0.3790012,-0.06743188,0.57784206,2
2020-09-01,0.83693886,0.3355022,2.633826,-0.53402805,0.8386605,-0.7027923,2.0974796,1.9816575,0.5406785,0.2740554,0.65092933,-1.5112134,-0.5202671,-0.94171345,2.2065392,0.36626944,-0.043950338,0.57730013,1
2020-10-01,0.8476378,0.3724537,2.7041705,-0.5249723,0.82554585,-0.68653655,2.1207142,2.0296345,0.5852582,0.23912051,0.6666335,-1.4934269,-0.52739996,-0.8963114,2.2044406,0.32090697,-0.10589437,0.55917233,6
2020-11-01,0.8841163,0.33320466,2.7728996,-0.5701949,0.7905215,-0.70208305,2.145826,2.0094345,0.58782285,0.24093807,0.6500323,-1.4615438,-0.5240997,-0.90728796,2.211938,0.3805102,-0.065985695,0.5265979,6
2020-12-01,0.91497797,0.40446776,2.8283732,-0.61229306,0.7917164,-0.6363994,2.0948517,2.1240242,0.6561039,0.17565352,0.74616194,-1.5275089,-0.59819114,-0.8199859,2.3293796,0.432836,-0.08753644,0.513384,0
2021-01-01,0.9352186,0.39124042,2.8598342,-0.61187726,0.76855314,-0.6306551,2.1626198,2.1543264,0.66320336,0.19456312,0.75369966,-1.478764,-0.6060964,-0.7957794,2.35363,0.46562964,-0.060656715,0.48092002,3
2021-02-01,0.88326097,0.36405385,2.8750172,-0.6191307,0.7464034,-0.637904,2.1283004,2.19428,0.6687815,0.21247521,0.7666032,-1.4451419,-0.61816365,-0.76279205,2.3630683,0.5462107,-0.026133496,0.4410358,2
2021-03-01,0.9641399,0.4721667,2.8578062,-0.6504882,0.74329096,-0.58909315,2.1537929,2.2542734,0.7042115,0.20162049,0.8431571,-1.4875497,-0.68482035,-0.68496096,2.4198503,0.49074432,-0.08645593,0.4487206,2
2021-04-01,0.9624219,0.47471455,2.8766003,-0.6399308,0.73413634,-0.56268996,2.1805305,2.2595167,0.7502657,0.22954568,0.8257256,-1.4496368,-0.6656561,-0.64411354,2.4531782,0.4467831,-0.12701656,0.4659163,4
2021-05-01,1.052114,0.47963327,2.9676802,-0.6533529,0.752786,-0.52479464,2.139079,2.3713906,0.8129239,0.20908874,0.91731054,-1.51505,-0.73762375,-0.6173055,2.5899632,0.48834887,-0.09925623,0.44838375,3
2021-06-01,1.0236111,0.42456293,3.0385702,-0.67807597,0.73890054,-0.5585342,2.089566,2.3911064,0.86673576,0.15167454,0.8524646,-1.6074606,-0.71433383,-0.62608963,2.6805043,0.5457698,-0.020704705,0.44336513,4
2021-07-01,1.0996307,0.4157698,2.9922292,-0.65439045,0.7987143,-0.591771,2.1405323,2.3669422,0.81111133,0.22169295,0.88552916,-1.6337725,-0.7373599,-0.6415795,2.700915,0.48253134,0.016333144,0.48831868,2
2021-08-01,1.1266277,0.47707045,2.9820461,-0.6874262,0.8172403,-0.5428378,2.1303833,2.3722982,0.8110404,0.27295962,0.8996057,-1.6240851,-0.74917775,-0.6207822,2.7122223,0.47566378,-0.054157335,0.48142883,2
2021-09-01,1.1484861,0.44608775,3.0574765,-0.6678174,0.80998576,-0.5747117,2.2128036,2.4415026,0.8051322,0.24926671,0.9220003,-1.6184063,-0.78684264,-0.594048,2.7673078,0.49260578,-0.0034018047,0.49738744,3
2021-10-01,1.1388745,0.50788724,3.1090004,-0.69742364,0.7639701,-0.5137165,2.2538753,2.5172503,0.8246654,0.21894911,0.9620079,-1.5723722,-0.8049765,-0.5502267,2.750281,0.51150113,-0.08547883,0.4663222,9
2021-11-01,1.1528862,0.5699375,3.2474704,-0.7292613,0.70119447,-0.5156623,2.3184888,2.653104,0.90846103,0.12286166,0.9653893,-1.6017908,-0.8917938,-0.5607707,2.821286,0.59081596,-0.1286305,0.39605036,6
2021-12-01,1.2453399,0.65016997,3.3102593,-0.78885555,0.68082744,-0.48656034,2.3183315,2.6762002,0.9392943,0.14259115,1.0470436,-1.6231005,-0.9843166,-0.47532567,2.9000185,0.63385,-0.18617873,0.39370444,7
