Unnamed: 0,0,1,2,3,4,5,6,7,8,9,10,11,12,13,14,15,16,17,incidents per month
2010-03-01,-1.2035524,0.9566828,1.1981748,0.9516769,0.42815217,-0.87014246,0.40075526,-0.81761485,-2.0904593,1.0062547,-0.7349803,-0.37177172,1.2466147,-1.2065252,-0.09575533,0.265183,-1.299775,-0.41065174,0.0
2010-04-01,-1.1961493,0.95688856,1.2354904,1.0242991,0.37819746,-0.76338804,0.397736,-0.7575832,-2.0688858,1.0317063,-0.7438792,-0.38427082,1.2337832,-1.2100762,-0.17109473,0.2233958,-1.3295192,-0.44451222,0.0
2010-05-01,-1.1706297,0.9479091,1.2313763,1.0325576,0.4119467,-0.6836256,0.46809143,-0.7299141,-2.0905218,1.0541767,-0.7467902,-0.40661284,1.2466776,-1.2138375,-0.18303917,0.15922692,-1.32274,-0.45844808,1.0
2010-06-01,-1.2036997,0.9249557,1.1786194,1.0640826,0.44680238,-0.6687939,0.43760487,-0.66483426,-2.065976,1.0136924,-0.71729034,-0.45419195,1.171606,-1.2077397,-0.17407708,0.07483746,-1.2886993,-0.5376954,2.0
2010-07-01,-1.1524769,0.9395664,1.2623364,1.1362684,0.41656068,-0.56996995,0.4116682,-0.63294667,-2.029346,1.0301917,-0.805405,-0.36757457,1.2174233,-1.2830844,-0.23742051,0.047620863,-1.3135514,-0.50020933,0.0
2010-08-01,-1.1625042,0.949273,1.2789779,1.1250768,0.42686668,-0.5127239,0.47504416,-0.66482127,-2.0737092,1.0219862,-0.8242773,-0.3790785,1.2484051,-1.3029212,-0.29892874,0.09729315,-1.2727355,-0.5429414,1.0
2010-09-01,-1.1102182,0.9458449,1.3498685,1.2162291,0.3648472,-0.39822257,0.4045721,-0.5382373,-1.9760091,0.968653,-0.81785065,-0.3276668,1.2111821,-1.3017071,-0.2317079,-0.018556343,-1.2619168,-0.5277084,0.0
2010-10-01,-1.1529652,0.90913844,1.306146,1.2239553,0.36661673,-0.46354628,0.35347077,-0.528365,-1.9832107,0.9896586,-0.74254173,-0.3582502,1.1542718,-1.2851677,-0.25609258,-0.057780486,-1.2972125,-0.59925526,0.0
2010-11-01,-1.1343821,0.9773016,1.3817815,1.2508624,0.448801,-0.2785962,0.33108935,-0.45392177,-1.9347281,1.0418705,-0.8213641,-0.32920223,1.1604748,-1.2886301,-0.21114548,-0.08077043,-1.2472686,-0.48279423,0.0
2010-12-01,-1.1621884,0.9003165,1.342195,1.1816666,0.48345318,-0.41989076,0.3509123,-0.50550336,-2.0905743,0.9678408,-0.7307875,-0.39404714,1.1742547,-1.2503421,-0.22906555,-0.0006240888,-1.2315551,-0.57832944,2.0
2011-01-01,-1.1592325,0.9398352,1.3079522,1.223556,0.42700195,-0.4109506,0.252918,-0.34789792,-2.0138192,0.9325741,-0.7058211,-0.3965269,1.1217198,-1.2103915,-0.12906456,-0.009921978,-1.2231268,-0.5465192,4.0
2011-02-01,-1.1424222,0.8961685,1.3480502,1.1280956,0.528105,-0.3926054,0.38026902,-0.3243326,-2.0391278,0.8953285,-0.652565,-0.46169007,1.1046396,-1.1717502,-0.14440751,-0.031839326,-1.2389308,-0.5722511,3.0
2011-03-01,-1.0840406,0.8515773,1.3929847,1.0724772,0.35806072,-0.5117978,0.39313862,-0.44136977,-2.0810733,1.002282,-0.6609331,-0.43827853,1.1469885,-1.1370271,-0.15057994,0.12667596,-1.3388442,-0.50906664,3.0
2011-04-01,-1.041758,0.8709395,1.4474167,1.09368,0.3027477,-0.49357837,0.39036268,-0.36368084,-2.0548973,0.988563,-0.67659605,-0.40744042,1.1704851,-1.1538147,-0.12977472,0.10844137,-1.4086772,-0.5047187,1.0
2011-05-01,-1.0056956,0.86678255,1.4538535,1.0747145,0.2752288,-0.4811195,0.42698637,-0.39622137,-2.0587668,1.0260813,-0.6579805,-0.42618895,1.165341,-1.1807634,-0.1695709,0.13146996,-1.4122306,-0.472735,1.0
2011-06-01,-0.94117874,0.8201114,1.4247527,1.0404757,0.26334664,-0.4999115,0.42562196,-0.34653598,-2.07761,0.9102589,-0.57708126,-0.4600263,1.1644442,-1.1944019,-0.18567754,0.06843089,-1.3919796,-0.50440854,2.0
2011-07-01,-0.85833067,0.8059069,1.5609647,1.0498607,0.13749251,-0.44674125,0.44198167,-0.3524254,-2.0505579,0.9537521,-0.6464202,-0.40942132,1.2058932,-1.2538059,-0.24348421,0.12525637,-1.5031317,-0.435341,0.0
2011-08-01,-0.77149075,0.80522966,1.6553153,1.0566821,-0.019989628,-0.42189184,0.40297717,-0.37133935,-2.0268855,0.9368133,-0.67632574,-0.33776313,1.253884,-1.2806609,-0.24313837,0.16566816,-1.5601306,-0.39119813,2.0
2011-09-01,-0.7227051,0.7804178,1.6398022,1.0335201,-0.07624318,-0.37976286,0.44222668,-0.34853834,-1.952812,0.9409603,-0.67194074,-0.38945448,1.162825,-1.2548579,-0.26089457,0.15813595,-1.5450826,-0.38970968,3.0
2011-10-01,-0.64545524,0.77148366,1.6723237,1.0528445,-0.17237811,-0.34335437,0.40638772,-0.31335154,-1.8963108,0.9298761,-0.6430598,-0.38780114,1.1621784,-1.2651055,-0.23312578,0.18111342,-1.5579398,-0.28818896,4.0
2011-11-01,-0.5830343,0.7693733,1.6706244,0.9653109,-0.18884397,-0.27854493,0.5002467,-0.34216762,-1.8639798,0.9636541,-0.68140274,-0.37931898,1.1564373,-1.2574788,-0.2264686,0.1804647,-1.5387657,-0.21307091,1.0
2011-12-01,-0.56832546,0.7568481,1.6278951,0.9445237,-0.16706327,-0.27074057,0.51326245,-0.36656135,-1.8642355,0.98360586,-0.6953285,-0.36718133,1.1486541,-1.2693015,-0.24660946,0.1942304,-1.5091821,-0.22087541,1.0
2012-01-01,-0.48451337,0.7373978,1.5952272,0.9509963,-0.29541606,-0.23381042,0.45792004,-0.32119763,-1.7944837,0.91814274,-0.71003944,-0.32356337,1.1256174,-1.2313168,-0.25727963,0.16371565,-1.4814535,-0.21526954,0.0
2012-02-01,-0.47822767,0.68997693,1.5726935,0.94614637,-0.36661488,-0.22523324,0.45608842,-0.3185248,-1.7645503,0.8990984,-0.68190145,-0.32516658,1.0771201,-1.1879541,-0.2508585,0.23492402,-1.4436955,-0.2700587,4.0
2012-03-01,-0.41957527,0.7176428,1.6533618,1.0737481,-0.43920773,-0.19050011,0.37685475,-0.2325423,-1.7725205,0.8524259,-0.71992445,-0.21836323,1.1883392,-1.238178,-0.30344528,0.18848628,-1.5068474,-0.22155742,0.0
2012-04-01,-0.3497091,0.6966374,1.6333185,1.0776445,-0.52215624,-0.119651735,0.38958195,-0.21384603,-1.7334055,0.871056,-0.74557674,-0.22207199,1.1579461,-1.210133,-0.3696682,0.15148397,-1.4946405,-0.17187104,0.0
2012-05-01,-0.28974947,0.65774155,1.6458809,1.0678484,-0.59872615,-0.11318903,0.40656585,-0.2687954,-1.7831845,0.8662252,-0.75286925,-0.21693268,1.1799079,-1.2027858,-0.46063787,0.17748442,-1.5222262,-0.21450433,2.0
2012-06-01,-0.2551286,0.6248988,1.5713371,1.1853554,-0.57489157,-0.06203816,0.30814353,-0.20297532,-1.6871387,0.7996652,-0.7141198,-0.2578061,1.0995715,-1.2134813,-0.41147146,0.14813446,-1.464319,-0.23075809,1.0
2012-07-01,-0.22111233,0.6340542,1.6230903,1.2416029,-0.6357107,-0.0366427,0.2625892,-0.17436372,-1.7045065,0.8089071,-0.7426016,-0.21077381,1.1639189,-1.2494,-0.479617,0.14997724,-1.4988803,-0.16906765,1.0
2012-08-01,-0.2164001,0.6496067,1.6379437,1.2827479,-0.63762355,0.05368909,0.21511602,-0.15709752,-1.7161294,0.7971625,-0.7928633,-0.17882292,1.2182258,-1.3234291,-0.556527,0.1857662,-1.4828047,-0.119243234,2.0
2012-09-01,-0.22471717,0.683733,1.6003379,1.2806276,-0.6043136,0.13028513,0.21685612,-0.13716738,-1.6496438,0.80170023,-0.79403627,-0.23174514,1.125959,-1.2838326,-0.5292698,0.163945,-1.4319061,-0.14717934,2.0
2012-10-01,-0.18403237,0.70561826,1.5663947,1.309831,-0.65478826,0.17342414,0.16318457,-0.12075929,-1.6604109,0.8166519,-0.8092261,-0.20647304,1.1755828,-1.2952623,-0.540367,0.19148733,-1.383325,-0.06420822,0.0
2012-11-01,-0.15879045,0.7159909,1.5127307,1.342973,-0.66876006,0.21573664,0.10885143,-0.116497494,-1.6503091,0.8083647,-0.8426896,-0.16245145,1.2037323,-1.315113,-0.52993655,0.22005807,-1.3080618,-0.020805757,1.0
2012-12-01,-0.13313195,0.7256638,1.4165299,1.415046,-0.6957736,0.27989897,0.027503978,-0.059102528,-1.5765282,0.80690944,-0.8338765,-0.16087991,1.1604753,-1.2756814,-0.50253606,0.19763803,-1.2396796,-0.07824721,0.0
2013-01-01,-0.08964576,0.6174984,1.4024022,1.3651904,-0.86553323,0.3231944,-0.016534891,-0.057750404,-1.7910935,0.76601326,-0.9048706,-0.23637559,1.2331955,-1.2618784,-0.65780365,0.23711905,-1.302014,-0.06732008,1.0
2013-02-01,-0.12182894,0.58846974,1.3465444,1.3200548,-0.80692315,0.4121852,0.00905085,0.02152678,-1.7415137,0.777555,-0.9056007,-0.32633734,1.1364832,-1.2155432,-0.71449256,0.20410219,-1.2895502,-0.097215265,0.0
2013-03-01,-0.08486915,0.60421145,1.3720034,1.3777546,-0.90865815,0.42150918,-0.03879654,0.017859258,-1.785395,0.81681836,-0.95033824,-0.27079698,1.2520831,-1.2272662,-0.74834937,0.21766421,-1.3243278,-0.0027356567,0.0
2013-04-01,-0.11932567,0.6463525,1.4128602,1.5025747,-0.91629446,0.5018723,-0.17591819,0.05947323,-1.6211241,0.8025993,-0.9483705,-0.18410163,1.2132245,-1.3137076,-0.69227713,0.1259754,-1.3393565,0.06338967,1.0
2013-05-01,-0.05679198,0.5803797,1.464896,1.3884376,-0.9044086,0.5283079,-0.00079828687,-0.060402878,-1.7875694,0.8655045,-0.9819117,-0.2112688,1.2827984,-1.3358629,-0.8142379,0.20745125,-1.4111197,0.00030174758,1.0
2013-06-01,-0.057639174,0.55887365,1.4166658,1.4059105,-0.94283295,0.5368789,-0.050196502,-0.042763226,-1.7524093,0.87753,-0.99687356,-0.17951594,1.2564596,-1.3366235,-0.8362287,0.17604022,-1.4331023,-0.051385622,0.0
2013-07-01,0.007858461,0.5070711,1.5022058,1.457529,-1.0221475,0.62071407,-0.0945425,-0.036617815,-1.7564362,0.83274996,-0.9573103,-0.17065744,1.3180166,-1.3761727,-0.86122745,0.17977312,-1.4746058,0.017088879,0.0
2013-08-01,0.01323301,0.54687464,1.5906152,1.5728135,-1.1000087,0.7293536,-0.16610876,0.011385777,-1.7247192,0.86232543,-0.98866224,-0.12433165,1.3549594,-1.3875219,-0.8915284,0.11918105,-1.5080888,0.10968477,1.0
2013-09-01,0.0013309224,0.4942674,1.6038167,1.5560634,-1.1445105,0.8023526,-0.14849018,0.08397148,-1.6925519,0.88568205,-0.9832021,-0.17529161,1.2539684,-1.3190564,-0.97451764,0.053823393,-1.5649744,0.10900579,1.0
2013-10-01,0.08501305,0.4490217,1.5938512,1.5851029,-1.2619513,0.8495845,-0.22201787,0.08150901,-1.6961001,0.8846957,-0.9491865,-0.13276185,1.3019428,-1.2768987,-0.9998435,0.08321401,-1.4997512,0.1789831,3.0
2013-11-01,0.11947126,0.4359081,1.5266403,1.6028194,-1.2049587,0.91006863,-0.25471264,0.10554216,-1.6041292,0.8562593,-0.9510685,-0.107691556,1.263921,-1.2306163,-0.99029285,0.060002103,-1.3763913,0.13357049,1.0
2013-12-01,0.16762878,0.30146134,1.4432586,1.6090585,-1.1655936,0.92910665,-0.20920283,0.09970284,-1.5810664,0.86654013,-0.8880336,-0.082373366,1.1973802,-1.1420076,-0.99026376,0.14060703,-1.2495124,0.057439636,3.0
2014-01-01,0.21311814,0.28186962,1.4158581,1.6727129,-1.2812082,0.9545144,-0.41407466,0.18610135,-1.447749,0.76217395,-0.8502129,-0.015589562,1.1552577,-1.1523138,-0.9208923,0.07362481,-1.1811686,0.18637751,0.0
2014-02-01,0.29158714,0.24477981,1.406695,1.6406614,-1.351579,1.0104358,-0.41274118,0.24352476,-1.4638737,0.6909096,-0.82677656,-0.06995697,1.157588,-1.064506,-0.9735048,0.05943276,-1.1561462,0.20947257,4.0
2014-03-01,0.37272048,0.32882753,1.4043303,1.7638329,-1.5117251,1.0710809,-0.5964925,0.28965253,-1.3608909,0.70894736,-0.82207716,0.043862704,1.26251,-1.0697364,-1.0126915,-0.02674583,-1.1635236,0.27798864,5.0
2014-04-01,0.3881923,0.3040453,1.4015568,1.7244354,-1.4564087,1.1389303,-0.5103621,0.24489526,-1.4026562,0.79328346,-0.8658181,0.034336925,1.2214024,-1.0873256,-1.1320099,0.015309696,-1.1735002,0.2630358,2.0
2014-05-01,0.40173927,0.333938,1.3932725,1.7662485,-1.4901007,1.0768025,-0.57968444,0.2667419,-1.3175598,0.8025948,-0.8629526,0.1127901,1.1951013,-1.0974113,-1.071518,-0.071628876,-1.1851767,0.24755907,5.0
2014-06-01,0.38804832,0.26966813,1.3873005,1.7893058,-1.4851335,1.082367,-0.61713105,0.31492752,-1.2302198,0.79731315,-0.8275895,0.13242523,1.090091,-1.0911714,-0.9987774,-0.1333002,-1.1717795,0.25159895,7.0
2014-07-01,0.44925597,0.28383437,1.362249,1.7417805,-1.5393058,1.0895288,-0.6872488,0.33611444,-1.2517463,0.7779982,-0.8739753,0.15632693,1.1220441,-1.1146755,-1.0598842,-0.18621363,-1.1696676,0.29755467,0.0
2014-08-01,0.44215444,0.34335622,1.3209019,1.7781839,-1.554684,1.1731818,-0.7885382,0.4008429,-1.1280819,0.78896046,-0.90137726,0.17555963,1.0796139,-1.1051944,-1.0515922,-0.27079743,-1.1392262,0.31989598,3.0
2014-09-01,0.4562488,0.30932772,1.3140684,1.7616566,-1.6093849,1.1736667,-0.8177182,0.4528874,-1.1097542,0.77626616,-0.89118874,0.20957328,1.0590247,-1.0716414,-1.0766845,-0.30058327,-1.1451037,0.3073224,0.0
2014-10-01,0.4826054,0.29300818,1.2816085,1.8078643,-1.5563169,1.259628,-0.8043771,0.52018905,-1.0814582,0.7780785,-0.86338156,0.15592578,1.0298018,-1.0371745,-1.0713321,-0.29767346,-1.0909616,0.34470227,7.0
2014-11-01,0.46492773,0.26283818,1.2141412,1.8058548,-1.6274801,1.2370586,-0.8799536,0.54064655,-1.0186793,0.774786,-0.8302614,0.17351367,0.9548837,-0.9943119,-1.0090545,-0.30590385,-1.0272801,0.31941637,10.0
2014-12-01,0.50637996,0.24033779,1.1966566,1.8375632,-1.6271896,1.3214173,-0.8448712,0.5557797,-1.05046,0.8361832,-0.8597843,0.15448858,0.9345041,-0.94384897,-1.0840099,-0.32424906,-1.0115591,0.31239536,6.0
2015-01-01,0.5120672,0.24305421,1.1802106,1.899832,-1.6715664,1.3762441,-0.92393327,0.64597243,-0.9873501,0.7705495,-0.8484736,0.15214525,0.8934869,-0.93273413,-1.0610346,-0.36682174,-0.98785937,0.359736,5.0
2015-02-01,0.4529344,0.11355013,1.2155415,1.844364,-1.6829604,1.4015241,-0.8621032,0.63895565,-1.0363849,0.8042567,-0.85581636,0.1683028,0.8025514,-0.9241321,-1.129878,-0.32799652,-1.0131017,0.27854192,7.0
2015-03-01,0.5737093,0.1711165,1.2386849,1.8742659,-1.713641,1.3202469,-0.907341,0.6912881,-1.061641,0.72093713,-0.8243082,0.19574851,0.9478011,-0.93969,-1.0771191,-0.36974713,-1.0521672,0.35222203,10.0
2015-04-01,0.54912,0.26049727,1.2133813,1.8989482,-1.6973561,1.2579002,-0.9833993,0.7016935,-0.95138687,0.73021424,-0.8301412,0.25751007,0.8530041,-0.9806856,-0.9862394,-0.4255276,-1.0060059,0.3607516,11.0
2015-05-01,0.5611599,0.33471417,1.2527031,2.0100567,-1.7788113,1.2326772,-1.0656186,0.75511074,-0.86938316,0.7646076,-0.8366276,0.30947718,0.8487533,-1.0277755,-0.89259636,-0.48765263,-1.0451819,0.41925952,11.0
2015-06-01,0.5258384,0.29191816,1.2892568,2.0719967,-1.7392554,1.239578,-1.0080702,0.8152395,-0.8352304,0.8185048,-0.8116711,0.28036007,0.7010327,-0.9851893,-0.8669263,-0.52015,-1.0608488,0.3521303,16.0
2015-07-01,0.6074538,0.35092247,1.3513515,2.1412601,-1.8494557,1.2798319,-1.0948668,0.838182,-0.83592075,0.8247064,-0.8647982,0.3663714,0.7778512,-1.0158625,-0.9253768,-0.60797113,-1.0936167,0.3889114,5.0
2015-08-01,0.57260543,0.41741398,1.4071598,2.2049801,-1.8998281,1.2890563,-1.1403122,0.91829044,-0.78530777,0.8425805,-0.89003015,0.37183973,0.7221765,-1.0647104,-0.9131629,-0.66845393,-1.1531171,0.47163463,21.0
2015-09-01,0.50154465,0.3359364,1.4150515,2.183927,-1.915154,1.3227706,-1.1159345,0.9732874,-0.7898722,0.8922043,-0.8794617,0.3431815,0.60320765,-1.0184805,-0.95950097,-0.68662506,-1.1905571,0.47835755,10.0
2015-10-01,0.49451607,0.3759296,1.4135537,2.2543223,-1.9421312,1.3359792,-1.2010612,1.0008138,-0.6951242,0.8333628,-0.84675723,0.3224974,0.5987751,-0.984612,-0.91680723,-0.75039923,-1.1805878,0.4748471,7.0
2015-11-01,0.46997866,0.32798508,1.3939313,2.1970105,-1.9600629,1.3649635,-1.2156867,0.9465765,-0.7323183,0.8495676,-0.8581942,0.35763764,0.5764553,-1.0065101,-0.955839,-0.67921185,-1.1022341,0.46461254,1.0
2015-12-01,0.510684,0.25640827,1.3230118,2.1918447,-1.9757466,1.3926773,-1.1898814,0.9458936,-0.7053269,0.8442587,-0.8299353,0.3369134,0.5141925,-0.91600585,-0.98587155,-0.65595764,-1.0258731,0.42604542,0.0
2016-01-01,0.5110055,0.2365362,1.2769988,2.1509097,-2.0408154,1.3936002,-1.2788367,0.9708571,-0.63910365,0.7951972,-0.78291935,0.34339997,0.48450422,-0.8760601,-0.90565604,-0.61641264,-0.95503646,0.48572946,0.0
2016-02-01,0.3854121,0.1429388,1.2869059,2.1499195,-2.0274267,1.3870966,-1.2878463,1.0188761,-0.63192844,0.77495974,-0.71236396,0.30922702,0.3325991,-0.82013416,-0.8893019,-0.6010114,-0.9280603,0.41147044,0.0
2016-03-01,0.5267837,0.23278068,1.3039978,2.2071862,-2.2093606,1.358705,-1.4223276,1.0714599,-0.60314345,0.7445321,-0.74575144,0.3655333,0.5017821,-0.8268312,-0.8464561,-0.72692466,-0.9967671,0.5327202,0.0
2016-04-01,0.5951977,0.22599813,1.3533113,2.252744,-2.1748743,1.3691559,-1.3914657,1.0784562,-0.596082,0.7277491,-0.73736656,0.37924236,0.48415735,-0.8395766,-0.8153752,-0.7144349,-0.98328674,0.5398671,1.0
2016-05-01,0.5747143,0.27090925,1.4108979,2.3076217,-2.193589,1.3175902,-1.4245356,1.0681144,-0.620485,0.7932931,-0.7518989,0.42043504,0.49294287,-0.9258095,-0.7304454,-0.70836484,-1.0165945,0.6131202,0.0
2016-06-01,0.52489257,0.251295,1.4577386,2.369379,-2.1507578,1.3098512,-1.36678,1.0918038,-0.6121232,0.8626293,-0.7538165,0.41683343,0.4188626,-0.93884766,-0.6983476,-0.72812814,-1.0566612,0.57613933,0.0
2016-07-01,0.62288094,0.24302372,1.4786915,2.323415,-2.2359233,1.2630186,-1.3946028,1.0434759,-0.70376873,0.88038576,-0.7959874,0.47317445,0.4840177,-0.9735427,-0.7414233,-0.72029924,-1.0756698,0.5890361,0.0
2016-08-01,0.6498522,0.38902697,1.5377743,2.4326546,-2.2685428,1.2644849,-1.4923034,1.113055,-0.6030403,0.8500255,-0.8453299,0.51093537,0.5490655,-1.0521035,-0.66756433,-0.79420966,-1.1149555,0.6657623,1.0
2016-09-01,0.56818515,0.3556667,1.5185497,2.4627533,-2.223081,1.1975074,-1.49605,1.1485308,-0.5125072,0.830039,-0.7764775,0.4918618,0.44318685,-1.0016677,-0.55756426,-0.7942031,-1.096541,0.5949156,0.0
2016-10-01,0.5911244,0.33167377,1.461483,2.4461284,-2.3059933,1.1959083,-1.5867101,1.1365567,-0.49181515,0.79635036,-0.7769291,0.54990405,0.44217086,-0.99370253,-0.5761619,-0.79335856,-1.0262147,0.5456785,0.0
2016-11-01,0.60267746,0.29839087,1.4715161,2.4334388,-2.319508,1.2159724,-1.5602676,1.0972402,-0.49010178,0.8464481,-0.74785167,0.54350096,0.39650214,-0.9824952,-0.54312044,-0.7688858,-0.9917128,0.53901905,0.0
2016-12-01,0.59328264,0.33682507,1.4642142,2.4596918,-2.3617291,1.2174642,-1.6334188,1.0705725,-0.38035184,0.83510274,-0.75981975,0.59081316,0.41856822,-1.0389977,-0.45701754,-0.8001907,-0.98346806,0.5536187,0.0
2017-01-01,0.52819884,0.3953121,1.4548205,2.5018754,-2.398513,1.1941257,-1.6767298,1.1324942,-0.29453075,0.818012,-0.8026533,0.59129786,0.37198263,-1.043608,-0.4513074,-0.83875585,-1.0204312,0.58057743,1.0
2017-02-01,0.4749177,0.385565,1.4438946,2.4255064,-2.3378007,1.2377415,-1.6431028,1.1583611,-0.2582624,0.8650433,-0.8132814,0.5317903,0.24963069,-1.0230873,-0.47245634,-0.868841,-1.0278221,0.55034316,0.0
2017-03-01,0.55136424,0.48042578,1.4670182,2.4587622,-2.4277027,1.2040408,-1.7177821,1.2313645,-0.2183865,0.8396096,-0.8443373,0.5436265,0.37502256,-1.0171826,-0.46366394,-1.0053756,-1.144993,0.55035496,0.0
2017-04-01,0.54128194,0.5380652,1.4489077,2.4665854,-2.4376686,1.1480474,-1.7315861,1.2491976,-0.19117922,0.8471969,-0.87935925,0.5892045,0.28574157,-1.0550815,-0.42987758,-1.0749947,-1.1590346,0.5523875,0.0
2017-05-01,0.5446162,0.568678,1.4805533,2.4858935,-2.426249,1.168673,-1.69618,1.283878,-0.16006932,0.9116936,-0.929445,0.5958742,0.25904256,-1.0684879,-0.44822156,-1.1522958,-1.2272038,0.57988715,1.0
2017-06-01,0.46917424,0.5790713,1.4638436,2.5226374,-2.3984563,1.1278553,-1.7180626,1.2899132,-0.12888879,0.9473143,-0.91925865,0.672566,0.1872081,-1.1439613,-0.39090416,-1.1827749,-1.2308241,0.56118107,0.0
2017-07-01,0.5042422,0.66381085,1.4836237,2.5725293,-2.4459386,1.180464,-1.8274099,1.3063896,-0.07291015,0.9658342,-0.9852458,0.7579482,0.23236023,-1.2292782,-0.39168268,-1.2270567,-1.238317,0.61775535,0.0
2017-08-01,0.5834589,0.6879324,1.4343901,2.5054748,-2.5131214,1.1254883,-1.8848101,1.340259,-0.07668254,0.904372,-1.0497997,0.76526886,0.2485139,-1.2286204,-0.44024813,-1.257221,-1.2607598,0.6246069,1.0
2017-09-01,0.556881,0.70418286,1.3963078,2.5047064,-2.581784,1.2081175,-1.9757329,1.4143982,0.006828904,0.8896386,-1.0732518,0.75487477,0.12332468,-1.2379833,-0.47667825,-1.2987453,-1.2124213,0.66777396,0.0
2017-10-01,0.560772,0.7060938,1.3195282,2.4951434,-2.5692153,1.1728661,-1.9715154,1.3904285,0.076640606,0.8307949,-1.0517806,0.7357563,0.07503313,-1.206752,-0.46478078,-1.2400433,-1.1495546,0.59876895,4.0
2017-11-01,0.5739909,0.696903,1.2630234,2.473501,-2.5143194,1.2333019,-1.9445873,1.3819661,0.14616838,0.84238297,-1.0548002,0.78112674,0.0010067858,-1.2101257,-0.47436836,-1.215439,-1.0481447,0.57590765,0.0
2017-12-01,0.5923858,0.6563587,1.2054335,2.4379208,-2.4772134,1.2321236,-1.9254553,1.3078994,0.17206913,0.83841187,-1.0315832,0.8033502,-0.02425731,-1.2122158,-0.46777183,-1.1317031,-0.96238494,0.51452357,2.0
2018-01-01,0.6132849,0.70048916,1.1317416,2.4452126,-2.532825,1.2414732,-1.9658786,1.4112875,0.24488133,0.78025347,-1.0727286,0.78062403,-0.09583025,-1.1997591,-0.49898446,-1.2209593,-0.94001305,0.55191517,2.0
2018-02-01,0.65573835,0.72495496,1.0997036,2.4060352,-2.538123,1.3057835,-2.012732,1.4365385,0.30165312,0.7310717,-1.0783986,0.77335024,-0.11150253,-1.2037188,-0.50009257,-1.2693192,-0.9275844,0.55340314,0.0
2018-03-01,0.7479988,0.80746865,0.99843943,2.4070787,-2.6100051,1.2759318,-2.035821,1.4875445,0.34714606,0.7186286,-1.1668156,0.78935534,-0.026629824,-1.2069731,-0.5830638,-1.3998895,-1.0016959,0.50977856,0.0
2018-04-01,0.72617173,0.8653356,0.9564377,2.4115262,-2.626624,1.2528901,-2.081133,1.4855639,0.4273475,0.71479136,-1.2083603,0.856862,-0.10162029,-1.248183,-0.5678489,-1.4638089,-0.98097134,0.49787068,0.0
2018-05-01,0.7318215,0.88349533,0.9570926,2.4167285,-2.6230588,1.244066,-2.07928,1.4966947,0.48493835,0.7516491,-1.2142111,0.9064159,-0.1336909,-1.2475915,-0.54199135,-1.5156043,-1.005276,0.49780297,2.0
2018-06-01,0.7163781,0.83768916,0.9390529,2.4479427,-2.6079316,1.2518747,-2.0280972,1.4763567,0.47528163,0.77168095,-1.182555,0.93289876,-0.21426407,-1.2216995,-0.54366803,-1.4583721,-0.95981467,0.4561826,0.0
2018-07-01,0.71408284,0.8896481,0.93156546,2.3987496,-2.6533926,1.2675796,-2.0954921,1.4823323,0.5163531,0.8220645,-1.2480218,0.9390044,-0.2504541,-1.2245735,-0.5825426,-1.4981598,-0.9797987,0.46646702,2.0
2018-08-01,0.74140763,0.93503904,0.9112737,2.359105,-2.7034342,1.2164195,-2.1522577,1.507444,0.5682522,0.80456376,-1.2797089,0.91298646,-0.25115883,-1.2322886,-0.57511735,-1.5457692,-1.0401778,0.4560781,0.0
2018-09-01,0.7771753,0.9967414,0.92487586,2.3393192,-2.7962584,1.2703598,-2.227529,1.574505,0.6125695,0.8355624,-1.3700663,0.9344489,-0.27906457,-1.261675,-0.6313354,-1.6403991,-1.0442259,0.5011776,1.0
2018-10-01,0.78915274,1.0476933,0.8831104,2.3185196,-2.8042955,1.255189,-2.2668,1.5394237,0.67332083,0.8296189,-1.4187042,0.9577567,-0.27091548,-1.2827252,-0.6354336,-1.6464001,-1.0293953,0.45829767,0.0
2018-11-01,0.88019866,1.0491681,0.8372278,2.2588673,-2.8124373,1.2376947,-2.2601478,1.5398962,0.6957214,0.8008049,-1.4346514,0.87895846,-0.26709813,-1.2094705,-0.63461405,-1.6565732,-1.0044085,0.44747955,0.0
2018-12-01,0.8501233,1.0444033,0.8413534,2.2575262,-2.798532,1.2054596,-2.269241,1.5203651,0.7700446,0.81023026,-1.4066651,0.8270416,-0.27645925,-1.1977413,-0.5741661,-1.6317405,-1.0441996,0.40255022,0.0
2019-01-01,0.85660636,1.0502189,0.8193962,2.234625,-2.8106222,1.2094929,-2.2878678,1.5313973,0.777428,0.7759195,-1.4145297,0.87597215,-0.2891274,-1.211825,-0.6014632,-1.6553974,-1.0460378,0.39489305,0.0
2019-02-01,0.85046613,1.0696807,0.7990195,2.2020805,-2.8047955,1.2395022,-2.2910109,1.5887268,0.8117076,0.78024346,-1.4281583,0.8361532,-0.3644406,-1.1996713,-0.6021601,-1.6893206,-1.0237591,0.41211838,1.0
2019-03-01,0.9926603,1.0826283,0.7740143,2.1674097,-2.9236171,1.221339,-2.3436956,1.5860873,0.7558661,0.7599365,-1.4825746,0.8497772,-0.19360436,-1.2122805,-0.65369517,-1.7248197,-1.1102114,0.45352888,1.0
2019-04-01,0.99122685,1.095183,0.7279339,2.1076202,-2.8674004,1.1231363,-2.3626535,1.5593954,0.812879,0.6656644,-1.4613386,0.8644105,-0.24121131,-1.2275602,-0.5941823,-1.700555,-1.0577232,0.37066403,2.0
2019-05-01,0.99213856,1.1495825,0.7367773,2.1913073,-2.930411,1.1090441,-2.3986754,1.593223,0.8626557,0.69053507,-1.496272,0.94416964,-0.2425635,-1.2915012,-0.5676941,-1.7793509,-1.1069826,0.3805361,3.0
2019-06-01,0.9636822,1.1539322,0.71107894,2.2552202,-2.887598,1.1750062,-2.3567455,1.6134421,0.9346072,0.7229218,-1.4979626,0.9463395,-0.36031827,-1.2704036,-0.5657786,-1.8103898,-1.0632288,0.35553473,1.0
2019-07-01,1.0027993,1.1801311,0.67471516,2.2013257,-2.932443,1.1363254,-2.436054,1.6275496,0.9343475,0.68837655,-1.5145949,0.9450201,-0.3519803,-1.303008,-0.5731545,-1.8428589,-1.0777844,0.36048967,3.0
2019-08-01,0.9689289,1.2475821,0.6799069,2.2353487,-2.9481695,1.1373048,-2.4770613,1.6673838,1.0245004,0.7447224,-1.5491418,0.9636179,-0.36149767,-1.3503877,-0.5503813,-1.9272115,-1.1564786,0.3544187,3.0
2019-09-01,0.99703395,1.3138001,0.63742846,2.2645044,-3.00702,1.1810846,-2.5276163,1.719545,1.078951,0.7313859,-1.6146582,1.0333408,-0.38256985,-1.3904952,-0.60418093,-2.0319352,-1.1394975,0.3452801,1.0
2019-10-01,1.014755,1.3701452,0.6278477,2.2426581,-3.0653498,1.1865375,-2.5843883,1.7123957,1.1617856,0.7363718,-1.6685535,1.0047456,-0.36232182,-1.4159551,-0.6053949,-2.0508728,-1.1704084,0.33088958,3.0
2019-11-01,1.0423483,1.367513,0.5966792,2.205967,-3.0563314,1.2071402,-2.5432975,1.7233574,1.2099296,0.7458882,-1.6865642,0.9788069,-0.40655324,-1.384751,-0.6406793,-2.0365105,-1.1456438,0.28642064,5.0
2019-12-01,1.028675,1.3352631,0.58598095,2.257487,-3.057067,1.2250075,-2.5280156,1.7328571,1.2631073,0.71577424,-1.660911,0.9548101,-0.44194102,-1.3511188,-0.6362249,-2.0066257,-1.1288278,0.24266055,8.0
2020-01-01,1.0758792,1.3392215,0.5834089,2.220324,-3.0745745,1.2765403,-2.5356114,1.7505168,1.2378231,0.73268485,-1.6893439,0.96063775,-0.433125,-1.3271304,-0.7021884,-2.0374627,-1.098188,0.2700246,4.0
2020-02-01,1.056203,1.2901742,0.5951345,2.135294,-3.0281136,1.3353658,-2.4995124,1.7216631,1.1900533,0.77928495,-1.6568685,0.9257219,-0.47732317,-1.3039187,-0.7103088,-1.967712,-1.0238382,0.2783184,4.0
2020-03-01,1.1962882,1.3335773,0.51184326,2.1110969,-3.0883095,1.3241258,-2.5368664,1.75429,1.2180502,0.72724146,-1.7218478,0.92105126,-0.41545233,-1.2838598,-0.73183566,-2.0508397,-1.0115793,0.29663414,1.0
2020-04-01,1.1652641,1.353824,0.4888837,2.1226118,-2.9935355,1.3294551,-2.4632244,1.7226807,1.2724605,0.7243641,-1.6954044,0.9035696,-0.4927994,-1.2947357,-0.6779927,-2.0419018,-1.0040283,0.27161795,3.0
2020-05-01,1.1258384,1.3395337,0.5220626,2.1735964,-2.9779987,1.3273182,-2.4449217,1.6904109,1.2837161,0.72908294,-1.6542044,0.9341643,-0.4877233,-1.3210462,-0.6245715,-2.0229757,-1.0074818,0.29918724,3.0
2020-06-01,1.068215,1.2972606,0.5361972,2.1933339,-2.8852413,1.3776622,-2.3612869,1.6685072,1.2946718,0.734815,-1.5778571,0.91557586,-0.5633403,-1.3215684,-0.6026111,-1.9767605,-0.985575,0.2786615,1.0
2020-07-01,1.0761511,1.3291359,0.5744945,2.1590738,-2.9547975,1.3748896,-2.4626577,1.6819396,1.2925516,0.76733154,-1.5984931,0.93141663,-0.53320384,-1.3661926,-0.60169333,-2.0104313,-1.014172,0.31168956,3.0
2020-08-01,1.1022402,1.3987298,0.57117003,2.179517,-3.0190322,1.4166224,-2.5318098,1.7265345,1.3618969,0.83005625,-1.6706434,0.9823746,-0.5520197,-1.4033237,-0.6147023,-2.1268582,-1.0323784,0.3355723,2.0
2020-09-01,1.1049725,1.3627769,0.5281766,2.1783252,-3.0043485,1.4666014,-2.5167358,1.7497816,1.3367407,0.86380035,-1.6475258,0.990223,-0.62322897,-1.3992493,-0.6455039,-2.105638,-0.9608113,0.32642198,1.0
2020-10-01,1.127388,1.3867257,0.5177248,2.1876879,-3.0128758,1.4906018,-2.5599132,1.7270365,1.4141102,0.876663,-1.6519635,1.021753,-0.59328187,-1.4291891,-0.6133455,-2.12905,-0.962639,0.3076961,6.0
2020-11-01,1.1603954,1.3635474,0.50842625,2.2090833,-3.0121574,1.575249,-2.5168521,1.7757051,1.4452275,0.88806164,-1.6667142,0.97585195,-0.62000906,-1.3857645,-0.66458017,-2.1238441,-0.934723,0.3097428,6.0
2020-12-01,1.1642077,1.3447187,0.52267694,2.2321198,-3.0318532,1.6594663,-2.5340834,1.7687732,1.4882984,0.9112991,-1.6653738,0.94207627,-0.5922281,-1.3516834,-0.7049468,-2.1011772,-0.92432576,0.28265205,0.0
2021-01-01,1.2193878,1.3898311,0.50824857,2.195555,-3.0396812,1.6859758,-2.5426881,1.7830911,1.5064732,0.8889905,-1.7230988,0.9399376,-0.6074036,-1.3693159,-0.73271316,-2.1341825,-0.89119303,0.31079906,3.0
2021-02-01,1.1539218,1.3811237,0.5315997,2.1993854,-3.0278199,1.7098286,-2.5435884,1.8157929,1.5094086,0.9185788,-1.7100116,0.9158663,-0.7020573,-1.3561738,-0.7175143,-2.1178029,-0.8460402,0.26777834,2.0
2021-03-01,1.2631714,1.3503286,0.46996477,2.2093453,-3.0333836,1.6760869,-2.5331428,1.8247935,1.4915202,0.8511493,-1.6883332,0.9089466,-0.62300915,-1.3213332,-0.72514975,-2.111169,-0.87650424,0.2708159,2.0
2021-04-01,1.2117442,1.4296855,0.49779797,2.2849216,-3.071021,1.67119,-2.606793,1.8154504,1.6122425,0.8738446,-1.713066,0.97129035,-0.6813694,-1.4158704,-0.6302938,-2.1951864,-0.9376025,0.2451626,4.0
2021-05-01,1.2572606,1.467775,0.4691988,2.3524654,-3.1181417,1.6882739,-2.632403,1.8211874,1.6373057,0.871529,-1.7587773,1.0160329,-0.67635834,-1.4336448,-0.65539825,-2.2491715,-0.92469245,0.23055488,3.0
2021-06-01,1.2286988,1.443181,0.44867048,2.410876,-3.0837488,1.701436,-2.6106858,1.804404,1.6440653,0.86696625,-1.7260002,1.0493941,-0.7338046,-1.470049,-0.6132922,-2.2023473,-0.89170754,0.21780553,4.0
2021-07-01,1.2304316,1.3963199,0.4367418,2.3730388,-3.0610127,1.6480625,-2.5939655,1.8000926,1.5845033,0.885345,-1.671447,1.0139968,-0.7563361,-1.4637226,-0.57896596,-2.1522715,-0.88212967,0.22449842,2.0
2021-08-01,1.1966742,1.4261062,0.47067648,2.4019876,-3.0943558,1.633599,-2.6310627,1.815147,1.5979238,0.92068255,-1.6877332,1.0270733,-0.79980916,-1.5182889,-0.5478873,-2.1766624,-0.9100096,0.22607383,2.0
2021-09-01,1.2368152,1.4944574,0.4208669,2.3927684,-3.1377933,1.6712589,-2.6457815,1.8936739,1.6492414,0.93148786,-1.7647269,1.0211861,-0.86441624,-1.5090688,-0.61903894,-2.279308,-0.9026624,0.21186073,3.0
2021-10-01,1.2598616,1.5157063,0.39024904,2.4426982,-3.1807244,1.6584699,-2.6930647,1.9150287,1.7320446,0.874789,-1.7669955,1.0243969,-0.85836524,-1.5164906,-0.5793179,-2.3196058,-0.9126756,0.18028355,9.0
2021-11-01,1.3021938,1.5251424,0.3756401,2.4330065,-3.1923637,1.7032585,-2.6922014,1.9391333,1.7976391,0.90563923,-1.7941922,0.9813514,-0.8742861,-1.5054,-0.5794007,-2.3309078,-0.9193807,0.20339444,6.0
2021-12-01,1.3114506,1.5370462,0.35803148,2.506334,-3.2269247,1.76509,-2.710264,1.957219,1.8696398,0.91418004,-1.8255689,1.0093106,-0.915148,-1.5141306,-0.60176677,-2.3516927,-0.90633243,0.17993677,7.0
2022-01-01,1.3110087,1.5390894,0.39724624,2.48789,-3.2466044,1.7162642,-2.7103522,2.0278566,1.8574,0.8993786,-1.854868,0.9930998,-1.0034174,-1.4852628,-0.57487667,-2.386074,-0.8655433,0.20950134,
2022-02-01,1.3530357,1.515992,0.3348141,2.4129632,-3.2283354,1.6234183,-2.6817136,2.0720108,1.7495008,0.78343713,-1.8169067,0.87675095,-1.0004897,-1.4266093,-0.55994993,-2.3683178,-0.81706953,0.21019694,
2022-03-01,1.3670771,1.4985251,0.3809976,2.4375515,-3.168709,1.5266786,-2.5964015,2.0251155,1.6391646,0.8238894,-1.8257452,0.9373961,-0.9063252,-1.3893085,-0.5531371,-2.3807046,-0.8566911,0.20307343,
2022-04-01,1.2714528,1.494579,0.4185146,2.4132934,-3.02967,1.4597304,-2.5007946,2.034181,1.5773909,0.8758365,-1.7732087,0.9028659,-0.94277453,-1.3875227,-0.49325776,-2.3713117,-0.8776295,0.14436243,
2022-05-01,1.2920775,1.4882784,0.42798793,2.487257,-2.9396503,1.4738975,-2.4023154,2.042775,1.5687304,0.90122974,-1.76857,0.8461201,-0.9434822,-1.3839492,-0.47726578,-2.358225,-0.8889263,0.09570604,
2022-06-01,1.3625829,1.527353,0.48313823,2.5409837,-2.9140291,1.4447823,-2.3554995,2.0062006,1.5631984,0.9163869,-1.8176837,0.84675115,-0.83555275,-1.389805,-0.46504894,-2.4113588,-0.96810746,0.09669025,
2022-07-01,1.2154902,1.4930513,0.6007944,2.7399585,-2.9072633,1.4174314,-2.3841047,1.946015,1.4452715,1.0169667,-1.7516896,0.90928376,-0.83354336,-1.4886146,-0.43165904,-2.38172,-1.0612857,0.076336674,
2022-08-01,1.1185693,1.5116436,0.7641985,2.8320124,-2.941101,1.4184594,-2.4437387,1.9028456,1.3895705,1.1525486,-1.7566737,0.9102953,-0.77950996,-1.5957555,-0.3951555,-2.3903062,-1.208842,0.09317274,
2022-09-01,1.1488135,1.5315092,0.7929465,2.9296887,-3.0489504,1.4546506,-2.5222569,1.9800096,1.3963133,1.121999,-1.7906903,0.89626366,-0.79210806,-1.6009095,-0.44656232,-2.4443731,-1.2388495,0.1054393,
2022-10-01,1.2010846,1.554793,0.8057117,2.9753795,-3.0998943,1.4416726,-2.5292876,1.9932333,1.4134365,1.1044202,-1.8213779,0.8266408,-0.7633538,-1.5775933,-0.452827,-2.4770555,-1.2914428,0.1066442,
2022-11-01,1.1916165,1.5276023,0.8083613,3.0924354,-3.096896,1.4725673,-2.4982069,1.9987432,1.4291134,1.1061057,-1.8062685,0.8113449,-0.78454936,-1.5691426,-0.44181874,-2.439829,-1.269338,0.082211025,
2022-12-01,1.2476882,1.4959912,0.7629986,3.1307178,-3.1059332,1.5191855,-2.4919765,2.0047874,1.4149764,1.1154039,-1.7956967,0.7965029,-0.76267713,-1.5509368,-0.47483042,-2.4071147,-1.2331876,0.0705094,
