Unnamed: 0,0,1,2,3,4,5,6,7,8,9,10,11,12,13,14,15,16,17,incidents per month
2010-03-01,3.3341076,-2.5235283,-0.84582776,1.180854,-4.097881,-10.1791,-1.4105014,-1.6044729,0.59380263,-6.120044,0.69219184,-2.6453962,0.2931604,-1.0409396,0.1764114,-4.9412947,-0.1161737,-4.5654416,0.0
2010-04-01,2.927068,-2.140817,-0.4900494,1.1982341,-4.0958424,-10.111732,-1.5746502,-1.850187,0.6037343,-5.8613224,0.8557706,-2.6264462,0.16780013,-0.8856813,0.18232767,-4.7438154,-0.32595104,-4.2702317,0.0
2010-05-01,2.7906137,-2.130273,-0.25645554,1.1466624,-4.558096,-10.36689,-1.6544873,-2.1754868,0.5422002,-5.588174,0.5733597,-3.1903317,-0.1999064,-0.2660861,-0.25616947,-4.405527,-0.42956316,-4.3106256,1.0
2010-06-01,2.6285868,-1.8718722,-0.4854457,1.0034506,-4.7902575,-10.786361,-1.8838903,-2.6150916,0.7047208,-4.858791,0.5160412,-3.414012,-0.29321778,0.38609076,-0.26559553,-4.5069847,-0.69174963,-4.1652055,2.0
2010-07-01,2.5137641,-1.5311538,0.07596854,0.8746674,-4.6069236,-10.511804,-1.8462719,-2.5600376,0.6781519,-4.5790024,0.25931704,-3.483769,-0.54323626,0.5104865,-0.46018884,-4.051089,-0.7247017,-3.9327526,0.0
2010-08-01,1.9534391,-1.322363,-0.4009696,1.1904962,-4.658932,-10.498042,-1.7272967,-2.862243,0.62232,-4.820001,-0.5497377,-3.7731702,-0.84528697,0.4817891,-0.3136318,-4.196009,-0.7544723,-3.8852859,1.0
2010-09-01,1.7768191,-1.1756457,-0.40474075,1.3108779,-4.4127173,-10.427041,-1.8522182,-2.9577575,0.30434003,-4.3932595,-0.64631104,-3.9828985,-0.5809564,0.72903883,-0.30011103,-4.1984286,-0.93685555,-3.5377836,0.0
2010-10-01,1.5727745,-0.8780585,-0.40497744,1.240592,-4.608321,-10.870132,-1.9062846,-3.5162299,0.39084846,-3.8421793,-0.24610412,-3.9006164,-0.57733405,0.9678243,-0.67023784,-4.1121044,-1.268263,-3.2710204,0.0
2010-11-01,1.1441026,-1.299026,-0.784525,1.5950212,-4.3665495,-10.841523,-2.2048695,-3.56901,0.36242303,-3.978589,-0.44710132,-3.855009,-0.35105824,0.94849354,-0.6727861,-4.0817537,-1.0689018,-2.9213607,0.0
2010-12-01,0.47092137,-0.99987316,-0.7530081,1.6766837,-4.4982934,-11.193587,-2.2788513,-3.8363197,0.34724593,-3.6853566,-0.57252556,-3.715923,-0.5815105,0.9999699,-0.79646176,-3.9813592,-1.7057781,-2.7838397,2.0
2011-01-01,-0.09469441,-1.2036835,-1.8256167,1.8210571,-4.1544166,-11.140083,-2.4549341,-3.33476,1.0537201,-3.7301004,-1.3112063,-3.1068966,-0.49870712,0.34424937,-0.22534047,-4.2612147,-1.5124454,-2.4111478,4.0
2011-02-01,-0.22697653,-1.6026365,-1.9318354,2.3151748,-3.8102646,-10.751872,-2.2168345,-3.181357,1.0369966,-3.8344116,-1.5743269,-2.8598752,-0.37081352,0.10573781,0.005709146,-4.265476,-1.2804044,-2.156873,3.0
2011-03-01,-0.22667398,-1.5494156,-2.33154,2.1546674,-4.022031,-10.136436,-1.8000369,-2.792136,1.3013421,-4.3361616,-1.7277918,-2.2302854,-0.454338,-0.91265404,-0.07336703,-4.2560444,-0.78337526,-2.211463,3.0
2011-04-01,-0.50032467,-1.7811934,-2.9219522,2.2888408,-3.517863,-9.486369,-2.0190234,-2.774727,1.4641012,-4.4281116,-2.3943503,-1.6705837,-0.28655317,-1.6722887,0.5136106,-4.804195,-0.35357243,-2.1591146,1.0
2011-05-01,-0.51018226,-1.9043797,-3.177347,2.1563618,-3.312723,-9.258227,-1.9158987,-2.7903101,1.6690872,-4.411362,-2.496361,-1.3052915,-0.10457735,-2.1386023,0.4675264,-4.774849,0.09313093,-1.8304954,1.0
2011-06-01,-0.63545775,-2.1412933,-3.378699,2.1040733,-2.9598327,-9.0713005,-1.8645006,-2.8720415,1.8737547,-4.107639,-2.7564368,-1.0599692,0.14201234,-2.520849,0.62095404,-4.990202,0.26277053,-1.7591646,2.0
2011-07-01,-0.77162325,-2.1999137,-3.073835,1.9716423,-2.5912838,-8.380408,-1.6459594,-2.6507297,1.914328,-4.404207,-2.8428764,-0.62702316,-0.09637583,-3.1235752,0.8000154,-4.756995,0.5286421,-1.5541283,0.0
2011-08-01,-0.8683436,-2.373743,-3.229805,1.9406874,-2.2288694,-7.758187,-1.6994597,-2.6266284,2.0291355,-4.536541,-3.2744553,-0.13465972,-0.026983136,-3.8588357,1.1108159,-5.038915,1.0248663,-1.4807544,2.0
2011-09-01,-0.8856158,-2.2779493,-3.2796423,1.8637661,-1.9498922,-7.4797444,-1.6957119,-2.776557,1.9284736,-4.2946787,-3.1936748,-0.028682929,0.060835347,-3.8739495,1.2996787,-5.0877557,1.121342,-1.0752741,3.0
2011-10-01,-0.6769599,-2.1761987,-3.1789105,1.6861138,-1.6891809,-6.9555306,-2.0407197,-2.7155285,1.9849428,-4.1937995,-3.23804,0.22560991,0.21843138,-4.3029857,1.5057521,-5.1466775,1.4683331,-0.7952744,4.0
2011-11-01,-0.53563076,-2.2270827,-3.7153592,1.6826718,-1.4082825,-6.743513,-2.1488194,-2.730973,1.8240592,-4.307315,-3.6829526,0.28847367,0.67916495,-4.590558,1.6781496,-5.521066,1.960103,-0.92982227,1.0
2011-12-01,-0.68059415,-2.0805082,-3.49566,1.4255434,-1.0062705,-6.577574,-2.4470336,-2.7461405,1.6744334,-4.238617,-3.3017988,0.57807976,0.87614274,-4.687867,1.896896,-5.4682884,1.9463809,-0.54287136,1.0
2012-01-01,-0.48477486,-1.9759583,-3.252555,1.3284339,-0.91827446,-6.280208,-2.276664,-2.7778394,1.6473665,-3.8766713,-3.0872216,0.58018076,0.6324021,-4.5270944,1.9864848,-5.233805,1.7488633,-0.33473834,0.0
2012-02-01,-0.45426902,-2.0105588,-3.1328962,1.5787653,-0.93284386,-6.340405,-2.115594,-2.9123812,1.4614873,-3.533973,-3.0202072,0.26814035,0.49699754,-3.9861891,1.9909182,-5.1730266,1.4795187,-0.35781237,4.0
2012-03-01,-0.49323085,-2.0839262,-3.0660448,1.385819,-0.7638102,-5.5977273,-2.0551937,-2.8908362,1.6430502,-3.171468,-3.0014307,0.52459157,0.32361123,-4.266255,1.9202675,-4.8391023,1.4210942,-0.48421672,0.0
2012-04-01,-0.47853675,-1.9933974,-2.8328724,1.4186834,-0.4806831,-5.312461,-1.9887488,-3.018534,1.4048767,-2.9592016,-2.5686657,0.47975713,0.32318932,-4.2468605,2.181714,-4.8217106,1.0413551,-0.39673063,0.0
2012-05-01,-0.36905026,-1.9660978,-2.3592446,1.4747857,-0.4063794,-5.1844444,-1.9211283,-2.9624217,1.3561524,-2.6221333,-2.2207603,0.3096789,0.19192827,-3.9780822,2.1718414,-4.627516,0.8098102,-0.22872142,2.0
2012-06-01,0.042905755,-1.9732379,-1.6937526,1.476879,-0.28605625,-5.1257806,-1.8124173,-2.9296901,1.3184359,-2.3600764,-1.4088563,0.24574107,-0.027156293,-3.3846586,2.1743102,-4.258526,0.5321941,-0.10295854,1.0
2012-07-01,0.07730579,-2.0750415,-0.93893814,1.4104748,-0.35404608,-4.9869304,-1.7364455,-2.842961,1.2488241,-2.330882,-1.2579739,0.09808773,-0.5265126,-3.5675035,2.219353,-3.9743316,0.0007253736,-0.25639567,1.0
2012-08-01,0.28886083,-2.1568332,-0.72906995,1.4191841,-0.08982722,-4.7919254,-1.8454272,-2.7997937,1.1956564,-2.2813272,-1.3816515,0.4474086,-0.31572843,-3.3781114,2.5930524,-4.0867467,0.25953567,-0.3311024,2.0
2012-09-01,0.22229289,-2.1682796,-0.40224317,1.5158451,0.14347212,-4.763833,-1.6562713,-3.1765437,0.988951,-1.622745,-1.0044689,-0.013959203,-0.46309277,-2.9599986,2.2019587,-4.030414,-0.28022254,-0.2825748,2.0
2012-10-01,0.46311823,-2.077806,-0.3145432,1.3161949,0.20967804,-4.447458,-1.7842617,-3.2341695,0.8543549,-1.5685624,-1.0546818,-0.32123366,-0.51077634,-3.055018,2.1927655,-3.8786147,-0.3238305,-0.2972779,0.0
2012-11-01,0.4683725,-2.1924546,0.24919121,1.1392086,0.17548475,-4.3142233,-1.8872147,-3.3076208,0.72808456,-1.3254067,-0.5646269,-0.52256936,-0.6396039,-2.6833673,1.8358929,-3.631858,-0.43998712,-0.4489729,1.0
2012-12-01,0.70404834,-2.3192306,0.47700244,0.82316417,0.31714812,-4.10416,-2.0277097,-3.4630995,0.71457165,-0.84754,0.13210455,-0.7661393,-0.65283644,-2.5227199,1.3505472,-3.351686,-0.6529948,-0.3131452,0.0
2013-01-01,0.7558703,-2.2386684,0.8051343,0.7017409,0.40388155,-3.4916427,-2.1989021,-3.6562104,0.9463437,0.19027965,0.13198817,-0.97448134,-0.6080842,-2.813875,1.6144832,-3.5251443,-0.76087457,-0.5304466,1.0
2013-02-01,0.41932234,-2.1506546,0.9158522,0.8444243,0.52219623,-3.6534412,-2.2193384,-4.1167197,0.81124556,0.34073877,0.14514981,-0.91813123,-0.5265793,-2.3321354,1.9262426,-3.688938,-0.9718774,-0.428807,0.0
2013-03-01,0.6232194,-1.8509017,1.0899545,0.5934819,0.40127215,-3.1851385,-2.065346,-3.6093116,0.7812095,-0.05205965,-0.04587802,-0.8925288,-0.50607926,-2.95533,1.8259431,-3.2008336,-0.75490326,-0.5448804,0.0
2013-04-01,0.72692657,-1.6250393,1.8518435,0.41632196,0.40063813,-3.276869,-2.5658202,-3.606585,0.9302515,-0.1120342,0.44547018,-0.92887914,-0.35553312,-2.480739,2.2063649,-3.0581896,-0.66703165,-0.40618637,1.0
2013-05-01,0.89391917,-1.3056549,2.53316,0.35383296,0.53074294,-2.9266047,-2.6343193,-3.53564,0.8891399,0.1413203,0.48053852,-1.2348661,-0.69921476,-2.4021764,1.9365313,-2.724419,-0.78130203,-0.52021456,1.0
2013-06-01,0.9855068,-1.0264494,2.9898424,0.43623465,0.410886,-2.979916,-2.9193714,-3.4573576,0.9420426,0.06493177,1.0522581,-1.1965903,-0.7234619,-2.352383,1.9817079,-2.747848,-0.95399964,-0.5538448,0.0
2013-07-01,1.1908535,-0.8320853,3.514321,0.27690187,0.48086146,-2.6778548,-3.045093,-3.161047,1.0522637,0.303692,0.9553173,-1.4012536,-0.92868894,-2.3737233,2.0673158,-2.4447544,-0.9380439,-0.69500273,0.0
2013-08-01,1.1929139,-0.78999436,3.948546,0.43860853,0.5372049,-2.563477,-3.235817,-2.971752,0.98127145,-0.019180864,0.83131164,-1.6245192,-1.1340574,-2.483429,2.0665386,-2.3621118,-0.8817339,-0.86709106,1.0
2013-09-01,0.90002,-0.5480515,3.7540605,0.53289294,0.72669286,-2.316262,-3.2854502,-3.3692024,0.8036427,0.66420126,0.6337554,-1.4583718,-1.2225012,-1.9046139,2.2365608,-2.3208916,-1.2546958,-0.8185911,1.0
2013-10-01,0.9259272,-0.512195,3.2018719,0.39839518,0.5750999,-1.7297395,-3.1921737,-3.129986,0.7383059,0.94944835,0.35964465,-1.2241961,-1.268764,-1.8727843,2.0599658,-2.195734,-1.0595672,-0.77492934,3.0
2013-11-01,0.65184563,-0.43388098,2.9953115,0.49843445,0.70552593,-1.5364381,-3.3523233,-3.2761788,0.6758072,1.4214487,0.0740836,-1.6458888,-1.4598376,-1.3496104,2.0540955,-2.1607196,-1.207331,-0.46003786,1.0
2013-12-01,0.73302245,-0.21030903,2.7500453,0.35767433,0.62269574,-1.2953224,-3.5406876,-3.196764,0.66125673,1.9084144,0.06558927,-1.8232377,-1.3977852,-1.2787815,1.9040194,-2.2241623,-1.3434452,-0.51893115,3.0
2014-01-01,0.84370637,0.15350614,2.283794,0.35079405,0.95204806,-1.2577564,-3.550353,-2.780216,0.62065405,2.577986,-0.8286282,-2.0436873,-1.4353952,-0.9638273,2.2080302,-2.0603747,-1.4712591,0.018163761,0.0
2014-02-01,1.0285746,0.36949766,2.1663792,0.5222754,0.9510599,-1.0119537,-3.6364067,-2.5964234,0.43837819,3.2399306,-1.6316688,-1.5633448,-1.6890846,-0.5988057,2.4303684,-1.9833413,-1.4140639,0.4107993,4.0
2014-03-01,1.1753694,0.4318177,2.2755718,-0.11135946,0.93370855,-0.40863863,-3.6299396,-2.3700721,0.77727437,2.82159,-1.3423487,-1.4459022,-1.6185207,-1.3817655,2.7641075,-1.6367457,-1.3087661,0.4953688,5.0
2014-04-01,1.4129449,0.66097444,2.5126674,-0.15409923,0.90559554,-0.3422892,-3.86296,-2.7249455,0.7957469,2.8914003,-1.1614214,-1.4012063,-1.9915537,-1.3128259,2.8578,-1.5884798,-1.4586604,0.3223536,2.0
2014-05-01,1.2503016,0.60747725,2.3498895,-0.15127456,0.97490746,-0.39996323,-3.8963797,-2.4879189,0.8810375,2.6550746,-1.1112424,-1.5265466,-1.9444954,-1.4064535,2.6623077,-1.3729994,-1.6167855,0.3926877,5.0
2014-06-01,1.3590603,0.7968512,2.2517755,0.12733187,0.9949036,-0.5327727,-3.8384519,-2.2886355,0.7846803,2.5096958,-1.0760936,-1.6537229,-1.9062145,-1.0710515,2.53179,-1.1900684,-1.4554586,0.56008863,7.0
2014-07-01,1.1363776,0.84401405,2.3407528,0.10898076,0.96435755,-0.23808527,-3.7027304,-1.9578013,0.7464415,2.5492928,-1.5281366,-1.7988517,-1.9245478,-0.8629693,2.4445524,-1.0689243,-1.5995824,0.454642,0.0
2014-08-01,1.0537243,1.0375028,2.5569887,-0.08966299,0.9230611,-0.24797137,-3.894081,-1.8351493,0.7317336,2.292246,-1.4047492,-2.0684974,-2.0864418,-0.6830108,2.587089,-0.76193947,-1.7203653,0.57022905,3.0
2014-09-01,1.0244849,1.1475987,2.4679563,-0.16319914,1.0379012,-0.29855224,-3.842557,-1.8961892,0.8476595,2.53852,-1.413231,-2.0796754,-2.1708832,-0.44120926,2.4378464,-0.7432201,-1.8251107,0.6040259,0.0
2014-10-01,0.9875175,1.201344,2.126937,-0.100837134,1.1474992,-0.1364613,-3.8837678,-1.448924,0.76831263,2.488414,-1.6369386,-2.3195353,-2.114592,-0.3536823,2.3551471,-0.58879817,-1.7145596,0.90855557,7.0
2014-11-01,0.9405525,1.1930349,1.9663209,-0.03430136,1.1834717,-0.030377872,-3.9361002,-1.3866372,0.68648684,2.6363697,-1.6578584,-2.1701503,-2.177472,-0.26240027,2.3312862,-0.76250523,-1.8056576,0.97386914,10.0
2014-12-01,1.0996346,1.3737881,1.9525431,-0.15262413,1.3683996,0.1741255,-4.034655,-1.223922,0.6532062,2.95338,-1.8292707,-2.7121546,-2.223303,-0.1810058,2.2691827,-0.7922027,-1.8006289,1.1060705,6.0
2015-01-01,1.1699666,1.4474314,1.61836,0.089003704,1.2690101,0.25640768,-3.8912823,-0.64543265,0.5551794,3.054434,-2.4421787,-2.6724224,-2.2732453,0.13677828,2.2796433,-0.58493245,-1.5982139,1.4690886,5.0
2015-02-01,1.3203673,2.023363,1.976485,0.20808034,1.4066267,0.11735776,-4.2892704,-1.0901314,0.69298494,3.497513,-2.6857977,-2.960363,-2.7492225,0.69145805,2.2488894,-0.45058253,-1.7363408,1.3548862,7.0
2015-03-01,1.8416276,2.3635423,1.9476104,-0.23658058,1.4038384,0.47295552,-3.794775,-0.3845395,0.75687003,3.572679,-2.8866005,-3.2096162,-2.427219,0.30655134,1.8647779,-0.047730923,-1.3337784,1.4027604,10.0
2015-04-01,1.8729616,2.110483,1.8318245,-0.13339284,1.3847055,0.40075478,-3.5062804,-0.47930816,0.83493906,3.1667945,-2.5532045,-2.9287393,-2.2695634,0.40967765,1.7090359,0.0892517,-0.92040116,1.3492962,11.0
2015-05-01,1.9947814,2.357213,1.8381848,-0.42742562,1.2983061,0.32283255,-3.3712795,-0.19268917,0.7237681,2.7306893,-2.293799,-3.0460856,-2.1536915,0.5056249,1.4869766,0.4860817,-0.8697634,1.3983861,11.0
2015-06-01,1.993793,2.9833384,1.948606,-0.095658205,1.0896658,-0.07330335,-3.3932588,-0.5008413,0.7452029,2.0059037,-1.8502257,-3.2380667,-2.5358572,0.8487926,1.4171311,1.13025,-0.67650414,1.4790496,16.0
2015-07-01,2.1897638,3.1232135,2.3601632,-0.23566236,1.0362747,0.033818547,-3.0177834,-0.28133395,0.8146759,1.5729352,-1.7318016,-3.4678516,-2.6437685,0.6844004,1.2519933,1.6080571,-0.5049525,1.3492796,5.0
2015-08-01,1.8496697,3.1748796,2.2095096,-0.13666813,1.3332992,-0.27368492,-2.793671,-0.33741277,0.44255096,1.1845555,-1.5726444,-3.3003922,-2.49264,0.71008825,0.9478265,1.6439496,-0.4615801,1.2896918,21.0
2015-09-01,1.5834271,3.532633,1.646243,-0.076345704,1.526847,-0.18409929,-2.8533516,-0.27616897,0.49055952,1.3505028,-1.6633347,-3.3094938,-2.3858979,0.7797956,0.98404557,1.3912281,-0.410514,1.4617957,10.0
2015-10-01,1.9039253,3.5375414,1.449005,-0.25013626,1.7331148,0.29077208,-3.0201092,0.041166805,0.6922765,1.882406,-1.5236266,-3.465329,-2.1529493,0.8114095,1.1235937,1.1057295,-0.38196105,1.679731,7.0
2015-11-01,1.9903743,3.863809,1.2201056,-0.22284175,1.76323,0.5069578,-3.0926719,-0.02991198,0.8022413,1.9857686,-1.7414064,-3.612847,-2.4293714,1.1400536,1.0565584,1.056206,-0.29280776,1.6968455,1.0
2015-12-01,2.4706435,4.0058303,0.94778866,-0.20662075,2.0878568,0.71431994,-3.0666025,0.22103775,0.8919519,2.3109663,-1.4881277,-3.63706,-2.26778,1.0145881,0.7627096,1.1374898,-0.10073133,1.9429396,0.0
2016-01-01,2.8238997,3.9226665,0.83637863,-0.11402405,2.2316759,1.2062637,-3.355105,0.65578705,0.67153895,2.8621569,-1.9852638,-3.2946444,-1.9694588,1.108285,0.9422393,0.98711306,-0.28585887,2.1151052,0.0
2016-02-01,2.7717438,4.404198,0.6106858,0.21924347,2.468333,1.0421888,-3.5266738,0.5782841,0.81961876,3.2071507,-2.1337478,-3.25196,-2.073984,1.3025978,1.1682903,0.81246436,-0.11134525,2.3456366,0.0
2016-03-01,2.546973,4.016915,0.8245507,-0.49017033,2.287426,1.1668712,-2.9048586,0.69636637,0.7047412,2.7884731,-2.0373816,-3.2623644,-1.6484369,1.0333257,0.8598202,1.1280403,-0.23827378,2.0731676,0.0
2016-04-01,2.502919,4.1551642,0.7206433,-0.44894767,2.2248888,0.97789407,-2.7332819,0.67740893,0.6854115,2.324731,-1.8849468,-3.3847265,-1.5988258,1.1236117,0.6305885,1.3967128,0.18048768,1.9587487,1.0
2016-05-01,2.4539313,4.343875,0.7591862,-0.28428477,2.042066,0.42618436,-2.352414,0.6496644,0.1951072,1.6074734,-1.7036997,-3.0110395,-1.5783126,1.1041307,0.5312919,1.879636,0.46789008,1.8597667,0.0
2016-06-01,2.1732557,4.7287807,0.81074,-0.12140904,1.9310765,-0.27631685,-2.229305,0.0443522,0.2288644,0.8270409,-1.3958558,-3.0217211,-1.8495826,1.3567213,0.8020044,2.3813748,0.55829364,1.8045985,0.0
2016-07-01,2.1803508,4.7948637,1.1751919,0.029203378,1.9537811,-0.3141808,-1.9439288,0.20176587,0.056993097,0.35669532,-1.3439043,-3.0434246,-1.9138416,0.9939919,0.33461943,2.830255,0.84505504,1.6039821,0.0
2016-08-01,1.8763709,4.6250067,1.211047,0.050050806,2.1375868,-0.2328194,-1.7971623,0.4065699,-0.11532191,-0.23711646,-1.1692586,-2.8246002,-1.780882,0.70909405,0.48047617,2.9687319,1.0018461,1.3992628,1.0
2016-09-01,1.7261451,4.788111,0.98165894,0.25639436,2.1045866,-0.3066774,-1.7556425,0.48199412,-0.055012353,-0.19883642,-0.96568054,-2.6895998,-1.7732474,0.99495625,0.494742,2.9972131,1.1776869,1.6684413,0.0
2016-10-01,1.6287509,4.541782,0.5902547,0.066389576,2.16321,0.14404428,-1.938374,0.7809452,-0.06579805,-0.036454134,-0.72398335,-2.6739972,-1.1928515,1.003758,0.18375164,2.994179,1.2284346,1.7427636,0.0
2016-11-01,1.6687407,4.7946534,0.09285869,0.17517726,1.9548482,0.09999098,-2.0526936,0.6642637,-0.13426879,0.12726259,-0.8756148,-2.7068067,-1.3265412,1.0961206,-0.17105776,2.9701228,1.3379362,1.8520066,0.0
2016-12-01,1.5764006,4.771539,-0.104974195,0.066368915,1.9283179,0.3802933,-1.8238796,0.65263116,-0.13288707,-0.0031534329,-0.5595661,-2.5897076,-1.190662,1.185472,-0.07349173,3.000562,1.7628748,2.1217563,0.0
2017-01-01,0.95572954,4.128168,-0.52735484,0.14234865,2.0618374,0.6425899,-1.6460868,0.75919497,-0.17553023,0.11723797,-0.3977443,-1.8786274,-0.5910513,1.181507,-0.12979777,2.6941714,1.2798253,2.0439136,1.0
2017-02-01,0.79906374,4.4600344,-0.50512487,0.34758478,2.3746197,0.7105618,-1.6580597,0.66974485,-0.05052845,-0.12530586,-0.32695988,-2.0601358,-0.45687595,1.4280895,0.08969123,2.9346037,1.1749984,2.1915047,0.0
2017-03-01,0.8193541,4.1461325,-0.26868197,0.06365184,2.1551526,0.6692506,-1.3405185,1.0829577,-0.3288681,-0.4236956,-0.10612761,-2.0318165,-0.41173202,0.8737055,-0.114368536,2.8153994,1.336956,1.905765,0.0
2017-04-01,0.5658408,3.920945,-0.063841105,0.21795218,2.1205537,0.3803819,-1.187688,1.0403644,-0.5046647,-1.0946676,0.08441322,-1.8962576,-0.20788178,0.6386292,-0.017048918,2.9292247,1.4801788,1.6832787,0.0
2017-05-01,0.31163964,3.9450533,-0.03577543,-0.016695347,2.029759,0.031848013,-1.2864923,0.84292364,-0.5850727,-1.6272794,-0.13684809,-2.04553,-0.1721245,0.52268744,0.057495505,3.3177466,1.444806,1.4579715,1.0
2017-06-01,0.0036979858,3.8954923,-0.0011234414,0.07723,1.8653253,-0.24999301,-1.095672,0.62841904,-0.7166616,-2.2209814,0.045515284,-1.8886026,-0.03811986,0.60335314,-0.0043185395,3.577878,1.6647382,1.3724984,0.0
2017-07-01,0.01576988,3.6551685,0.23527342,0.1395823,2.0581946,-0.24160951,-1.0734979,0.5852265,-1.0575885,-2.6759005,0.26305214,-1.8468317,0.3617214,0.057628397,-0.13738386,3.7448285,2.084137,1.3127425,0.0
2017-08-01,-0.39221287,3.397035,0.15855446,0.15372497,2.117275,0.08777945,-0.59492564,0.78162616,-1.1071576,-3.1218464,0.52274823,-1.5053818,0.18736313,-0.06279413,-0.1338784,3.7603266,2.0367165,1.1799498,1.0
2017-09-01,-0.7418072,3.389363,-0.12662455,0.39345002,2.5363035,0.31038818,-0.34228802,0.62877893,-1.4067162,-3.4286797,0.5021944,-1.3088589,0.21785854,-0.085994154,-0.1225346,3.9357018,1.8287547,1.3681335,0.0
2017-10-01,-0.5655294,3.1378622,-0.61778015,0.30665982,2.5217636,0.6541683,-0.16610415,0.54350036,-1.39614,-3.2510395,0.6359349,-1.1729494,0.47140062,-0.018130874,-0.05511268,3.8578022,1.5540895,1.4731108,4.0
2017-11-01,-0.46957627,2.8980503,-1.176349,0.18680012,2.4060507,0.9010712,-0.018785834,0.42152402,-1.3319104,-2.767268,0.40806013,-1.001931,0.3731602,0.024500083,-0.37382558,3.8072412,1.3761811,1.6126324,0.0
2017-12-01,-0.21639444,2.9655304,-1.5403117,0.25579643,2.384404,1.1707268,0.12721175,0.37823,-1.2305809,-2.3756456,0.44335806,-1.0456917,0.53631157,0.25824812,-0.47339293,3.7920206,1.3043828,1.8640826,2.0
2018-01-01,-0.42423862,2.767898,-1.5992589,0.08534925,2.1757636,1.49244,0.30061588,0.7032377,-1.484951,-2.0681744,0.07558375,-0.8280873,0.7511497,0.46813568,-0.53907466,3.3870337,0.8690832,1.7876791,2.0
2018-02-01,-0.55823016,2.7880542,-1.6007204,0.25484833,2.7271557,1.7704455,0.6842439,0.56071365,-1.4481945,-2.443121,0.16298689,-0.6633521,0.9904669,0.8051386,-0.22809555,3.4827445,0.5446364,1.7251562,0.0
2018-03-01,-0.58646846,2.3284461,-1.608519,0.0019107899,2.3297703,2.0025022,0.99087805,1.2546557,-1.8165157,-2.0243878,-0.18487014,-0.28674287,1.3156762,0.6451662,-0.59673953,3.1277049,0.5356986,1.5952897,0.0
2018-04-01,-0.8171303,2.1565623,-1.7898242,0.14421622,2.4864454,2.281347,1.2687049,1.3767536,-1.668004,-2.0740244,-0.06596507,0.12058756,1.5585196,1.0444183,-0.26590616,3.117445,0.34155613,1.4418553,0.0
2018-05-01,-0.87265825,1.8970081,-1.8853729,0.12099574,2.279635,2.3040433,1.2741225,1.6179631,-1.7640034,-1.776093,0.012016896,0.3613406,1.6910514,0.9861109,-0.49173778,2.8113673,0.334069,1.1974465,2.0
2018-06-01,-1.0322367,2.104675,-1.9337343,0.1913758,2.273147,1.9678266,1.0981008,1.6709905,-1.7058442,-1.7694479,0.3081733,0.21783932,1.7114464,0.77550745,-0.4768075,2.690327,0.4654703,1.1067469,0.0
2018-07-01,-0.98486,1.9429362,-1.7741657,0.26593146,2.20502,2.103912,1.1630952,1.6042843,-1.6499189,-1.7531029,0.7794688,0.21146645,2.0066752,1.0389773,-0.40712768,2.5691857,0.25379068,1.0100111,2.0
2018-08-01,-1.0239156,1.7119263,-1.8180841,0.2005807,2.224676,2.5498927,1.2117627,2.144279,-1.575035,-1.3128808,0.89537966,0.2585731,2.3466303,1.0999266,-0.39162645,2.3057787,0.33953696,0.9172633,0.0
2018-09-01,-1.1765695,1.6680447,-1.9373316,0.12589122,2.4114583,2.74806,1.3844932,2.2173417,-1.7638215,-1.6982694,1.056729,0.37448427,2.205806,1.0664665,-0.28946188,2.0910583,0.4545616,0.7271798,1.0
2018-10-01,-1.0555373,1.2404368,-2.1067665,0.07102489,2.087356,3.0670695,1.384629,2.3368373,-1.5589603,-1.3803675,0.9313742,0.46624294,2.245038,1.2329204,-0.2653952,1.8494,0.23734187,0.4328235,0.0
2018-11-01,-0.80741656,1.1706723,-2.0228508,-0.07811905,1.8895681,3.3088062,1.4305351,2.3425193,-1.3473275,-0.9775447,0.8039226,0.27889612,2.117719,1.4475273,-0.23086807,1.7669076,0.19641037,0.2610567,0.0
2018-12-01,-0.7218636,1.1364572,-2.1271012,-0.15158157,2.0337064,3.5066013,1.4255694,2.5571756,-0.83403444,-0.6712962,1.105345,0.13587995,2.1165276,1.6334432,-0.076152645,1.7481174,0.041800275,0.020730933,0.0
2019-01-01,-0.5321459,0.78205544,-1.869883,-0.27463502,1.5292298,3.5489657,1.308649,2.6722121,-0.80558306,-0.6125808,0.9530606,0.20000002,1.7983795,1.9180377,-0.20603634,1.4868284,-0.09135975,-0.16965275,0.0
2019-02-01,-0.63796246,0.95443845,-2.1645334,-0.2239766,1.7907541,3.4695065,1.3283494,2.4884143,-0.67274725,-0.83821,0.8203693,0.34793854,1.6571193,1.9203354,-0.050846603,1.5223395,0.02082561,-0.13888024,1.0
2019-03-01,-0.606819,0.58929026,-1.7050937,-0.55900866,1.6760869,3.7283342,1.4017904,2.974822,-1.1473179,-0.7216641,0.55801296,0.5615311,1.9391443,1.5299122,-0.1344553,1.4706956,0.07747738,-0.20739098,1.0
2019-04-01,-0.8053331,0.42883894,-1.8678124,-0.6905525,1.6885871,3.8723114,1.4638846,3.0837612,-0.82218355,-0.5578147,0.4612732,0.5413049,2.0273027,1.5374832,-0.027105669,1.4915861,0.48779112,-0.13362144,2.0
2019-05-01,-0.8117883,0.008644583,-1.8507414,-0.7895201,1.4555658,3.8403993,1.2452967,3.4750142,-1.0089935,-0.49443823,0.33473414,0.7133331,2.004605,1.2935146,-0.26562324,1.2388812,0.56819236,-0.37718856,3.0
2019-06-01,-1.0797614,0.024576662,-1.9866061,-0.7838461,1.4138238,3.731555,1.5047305,2.8442738,-0.96024823,-0.6063027,0.48447612,0.9070694,2.0365827,1.3182354,-0.097675905,1.2690263,0.25081363,-0.41002485,1.0
2019-07-01,-1.0922772,0.06622951,-1.6667119,-0.699601,1.2443295,3.8838556,1.6394603,3.077635,-1.1936336,-0.67098606,0.54707533,0.85232705,2.2960393,1.2008381,-0.039274845,1.0872626,0.45868713,-0.41700506,3.0
2019-08-01,-1.2248536,-0.22239526,-1.8429409,-0.7535353,1.3764901,4.0935674,1.5226765,3.2907293,-1.0644336,-0.57093674,0.62404764,0.98477185,2.4036608,1.1846732,-0.051393077,1.0438763,0.3534273,-0.51006424,3.0
2019-09-01,-1.3244957,-0.41468263,-2.2876594,-0.7575731,1.3957664,4.527077,1.6059834,3.4317036,-1.0554216,-0.69232076,0.42638278,1.3152376,2.3503227,1.2433889,-0.15630749,0.9708565,0.3418479,-0.58708054,1.0
2019-10-01,-1.2957649,-0.67894953,-2.5901694,-0.9211289,1.26924,5.065253,1.4304705,3.586571,-0.9807762,-0.36792237,0.4662309,1.3925806,2.4766562,1.3706793,-0.12026621,0.8607299,0.20446478,-0.62731355,3.0
2019-11-01,-1.3063343,-0.63624805,-2.823821,-1.2317268,0.9775571,5.3055325,1.1772772,3.5400248,-0.7653542,0.03620935,0.5850426,1.1975464,2.2760355,1.5847058,-0.12358467,0.91448057,0.18002824,-0.70623416,5.0
2019-12-01,-1.3060206,-0.8500823,-3.0314746,-1.247709,0.91954637,5.545597,1.1193773,3.5298204,-0.5630638,0.50789243,0.6709582,1.3479868,2.3810697,1.711158,-0.09027135,0.991653,-0.18152438,-0.7219669,8.0
2020-01-01,-1.1012478,-0.6506145,-2.9165149,-1.2368745,0.8206411,5.604976,0.97805053,3.5597854,-0.6918582,0.6223482,0.53959537,1.2348776,2.185335,1.7689734,-0.15347748,0.81701434,-0.31881362,-0.76873285,4.0
2020-02-01,-1.3916404,-0.31976253,-3.2043536,-1.3092384,1.1573188,5.4286437,1.1352813,3.4300804,-0.35194218,0.38168922,0.6785831,1.1900058,1.7441524,1.7576363,0.046432767,0.9929064,-0.6805704,-0.6359483,4.0
2020-03-01,-1.470835,-0.75100887,-2.985301,-1.3282937,1.0185137,5.494623,1.1230453,3.7051525,-0.7385255,0.39819574,0.18599546,1.2941678,2.0233686,1.5332208,-0.025575288,0.8759526,-0.25598,-0.5130952,1.0
2020-04-01,-1.4955357,-0.96781266,-2.8996408,-1.115818,0.8093357,5.4416833,1.0725106,3.6295092,-0.6885156,0.47350436,-0.061796047,1.2851576,2.0621996,1.7218224,0.22394559,0.9433087,-0.23973013,-0.49097607,3.0
2020-05-01,-1.5709181,-0.8630181,-2.7898185,-1.2671815,0.8837744,5.1544003,0.9932167,3.6579964,-0.5906779,0.4216287,-0.19785921,1.1865478,1.9565707,1.6560798,0.44926536,1.1199931,-0.11739366,-0.45510766,3.0
2020-06-01,-1.6563778,-0.73620474,-2.8006146,-1.164127,1.1367215,5.026192,1.0523671,3.3445783,-0.60443074,0.2470906,0.060093787,1.24067,1.9917548,1.7979704,0.66592467,1.323689,-0.12606879,-0.38357437,1.0
2020-07-01,-1.7472754,-0.90129775,-2.7112608,-1.2220185,1.1810372,4.985496,1.0527294,3.528672,-0.5965445,0.29060605,0.4038996,1.2244625,2.0507615,1.6878288,0.5182232,1.418889,-0.066798106,-0.30461136,3.0
2020-08-01,-1.8806742,-0.93413234,-3.0333707,-1.3167784,1.4838518,5.1221056,1.1690907,3.5537322,-0.48852357,0.0067592785,0.6542188,1.2250384,2.3160472,1.8704084,0.78511393,1.5797509,-0.17857878,-0.5875523,2.0
2020-09-01,-1.9782296,-0.87435234,-3.1613414,-1.3865668,1.3681506,5.108392,1.281176,3.3198133,-0.34274155,0.14633971,0.82350224,1.1839648,2.1684723,2.0059595,0.9094524,1.7039284,-0.37014085,-0.6086297,1.0
2020-10-01,-1.9930166,-1.2189212,-3.591208,-1.4170963,1.3511041,5.5363245,1.007223,3.3961022,-0.38272816,0.3199994,0.7482583,1.340245,2.2179716,2.2991505,0.7965353,1.7366124,-0.33112454,-0.7919384,6.0
2020-11-01,-2.0313995,-1.316514,-3.5915422,-1.5315357,1.3005419,5.3142223,0.97109014,3.2450185,-0.3433325,0.38252026,0.691617,1.1673741,1.9901638,2.1600556,0.54955214,1.5721297,-0.4765011,-0.9731326,6.0
2020-12-01,-2.0903866,-1.3007513,-3.5751648,-2.0028083,1.406364,5.6197777,0.9539029,2.9272988,-0.114313856,0.5436498,0.9603548,1.0287544,1.9451048,2.0434809,0.5471237,1.745631,-0.49161988,-1.1420966,0.0
2021-01-01,-1.8430194,-1.1984628,-3.423549,-1.9207443,1.5086501,5.750063,0.9296568,3.1993713,-0.08459718,0.8260843,0.6841214,0.83078474,1.9708374,2.1711652,0.3577316,1.5627737,-0.60518324,-0.8882607,3.0
2021-02-01,-2.0008593,-0.7379043,-3.7446134,-1.9087534,1.7626501,5.502507,1.2497357,2.7044554,-0.017593455,0.41016987,0.92517,0.8743171,1.8096559,2.540385,0.8257052,1.8636829,-1.0511354,-0.7343451,2.0
2021-03-01,-1.940297,-0.7341161,-3.6220791,-2.2661614,1.4903098,5.5040717,0.871736,3.240746,-0.1093269,0.5425199,0.703093,0.53090876,2.0129213,1.7623845,0.42592365,1.5250138,-0.87755567,-1.063902,2.0
2021-04-01,-2.3538778,-1.110362,-4.1536546,-2.0338647,1.5144073,5.745636,1.1669425,3.5270333,-0.3295451,0.055262282,0.9187218,1.2120017,2.2210991,2.3024015,0.54242325,1.6759735,-0.8084901,-1.1025128,4.0
2021-05-01,-2.362345,-1.1209096,-4.116701,-2.196518,1.2496381,5.852383,1.268161,3.6331327,-0.4969417,0.06465967,0.6737097,1.1423559,2.5926418,2.4072564,0.74640274,1.7395695,-0.58429724,-1.1721972,3.0
2021-06-01,-2.2875516,-1.1169811,-3.9248295,-2.1247418,1.3810933,5.597927,1.3062929,3.3702939,-0.2707467,0.32331696,0.69845515,0.85914814,2.635788,2.4443245,0.8994691,1.7793654,-0.9163309,-1.1573805,4.0
2021-07-01,-2.3189988,-1.1708114,-3.6992302,-2.2073524,1.1976427,5.345579,1.5113555,3.259028,0.06474621,0.38580796,0.9386779,0.7476247,2.563018,2.5039594,1.0066289,2.2017796,-0.89071256,-1.1959577,2.0
2021-08-01,-2.6098866,-1.0304949,-4.253552,-2.01176,1.4141434,5.3904223,1.4035362,3.4721854,0.13850182,0.070781745,1.0880984,0.85819685,2.3601286,2.5989017,1.1350319,2.4546387,-1.0297605,-1.1284782,2.0
2021-09-01,-2.4962175,-0.8690884,-4.5059004,-2.1964464,1.2976356,5.4154224,1.49316,3.2364693,0.21883641,-0.052435875,0.96584177,0.7469772,2.2894673,2.8685298,1.128409,2.6875453,-1.4924287,-1.3594254,3.0
2021-10-01,-2.6726642,-1.0142736,-4.9184985,-2.2390485,1.532242,5.7186933,1.2451679,3.522548,0.29014775,-0.08839038,1.1250461,0.8353315,2.2669375,3.0541584,1.019512,2.873791,-1.6628042,-1.533451,9.0
2021-11-01,-2.5925472,-0.81996304,-5.045608,-2.4020553,1.364818,5.867199,1.2036456,3.8591552,0.2666002,-0.19452755,1.1455712,0.56770134,2.2655098,3.26691,1.1729625,2.682632,-1.5825479,-1.5098082,6.0
2021-12-01,-2.4876585,-0.57622766,-5.0225654,-2.4613717,1.4531412,6.077847,1.2195767,3.9451087,0.28904724,0.11641651,1.2731465,0.65235645,2.2291355,3.3535724,0.97389674,2.7018478,-1.7822299,-1.5426241,7.0
2022-01-01,-2.7908711,-0.49302858,-5.183942,-2.3642309,1.3980653,6.034019,1.2855829,4.192851,0.0718794,-0.057393473,1.1262419,0.6472197,2.416541,3.1946156,0.850694,2.5100558,-1.6723238,-1.3419276,
2022-02-01,-3.0941331,-0.47649628,-5.1033382,-2.0836706,1.2215496,6.0281916,1.72776,3.9093268,-0.26237068,-0.53611225,0.99897605,0.9280487,2.4672742,3.3234644,1.0121452,2.4945228,-1.2896976,-1.2907668,
2022-03-01,-3.281773,-0.17694485,-5.2275743,-2.278584,1.0696279,4.9773808,1.7920088,3.4569113,-0.4020985,-1.1592286,0.6047026,0.5352433,2.636786,2.9169464,1.2545294,2.9672651,-1.3579577,-1.425152,
2022-04-01,-3.2551935,-0.31807148,-4.7339334,-1.1245143,0.4700406,3.8438642,2.47362,3.126137,-0.32228294,-2.4250104,0.5742693,0.73093235,2.6367733,3.1195185,1.8865476,3.3928602,-1.3222222,-1.7877632,
2022-05-01,-3.1678872,-0.41557455,-4.3627295,-0.74594283,-0.008116965,3.0822902,2.759685,3.0230768,-0.3411004,-2.770016,0.38182592,0.68191046,2.9388404,3.3422065,2.3352795,3.3353102,-0.9744418,-2.0450482,
2022-06-01,-3.0355947,-0.40897387,-3.9620888,-0.31254148,-0.2223371,2.4628994,2.7010107,3.397537,-0.6691205,-2.8336022,0.31455135,0.7623864,3.2994568,3.1564672,2.1097493,2.8223507,-0.6109038,-2.2763574,
2022-07-01,-2.953162,-0.3149409,-3.3533962,0.49628934,-0.12009617,2.4438865,2.5952613,3.7667453,-0.5884177,-2.6411126,0.85281426,0.63573176,3.393116,2.7343166,1.5551974,3.1474702,-0.6215507,-1.8614835,
2022-08-01,-3.2008688,-0.06585923,-3.1957133,1.1784562,-0.21271122,2.4001002,2.4522474,4.459003,-0.46373394,-3.2425122,1.4039065,0.26377827,3.610292,2.5109885,1.4059999,3.4473317,-0.2681167,-1.6796129,
2022-09-01,-3.3464262,0.10288905,-3.0652332,1.2591711,0.26894745,3.55691,2.5107584,5.1803718,-0.5741943,-2.9985573,1.839557,0.16847742,3.9644897,2.1366534,1.2746944,3.1869,-0.18649964,-1.2778766,
2022-10-01,-3.2489693,0.24473833,-3.0706997,1.385675,0.23190759,4.004213,2.8037632,5.4636707,-0.72588545,-3.14294,1.9979122,0.06877314,3.9806852,2.2625818,1.2474443,3.0109391,-0.2336059,-1.0822788,
2022-11-01,-3.1032476,0.3030586,-3.6240232,1.3862029,-0.01937104,3.8759398,2.9006424,5.6729255,-0.53126854,-3.4294794,1.9834318,0.092945606,3.7614589,2.873539,1.2712271,3.3791337,-0.44799387,-1.1669238,
2022-12-01,-3.084212,0.31027105,-3.792197,1.2057151,-0.05732096,3.982532,2.7417576,6.1251125,-0.4063583,-3.5428655,1.7954208,-0.16035329,3.808837,3.014128,1.211333,3.6428986,-0.39996815,-1.060516,
