Unnamed: 0,0,1,2,3,4,5,6,7,8,9,10,11,12,13,14,15,16,17,18,19,incidents per month
2010-03-01,5.0767894,0.9328185,4.051395,-3.790152,-6.048655,-6.94398,7.6372695,3.270542,-2.9079409,-4.430938,6.8580246,-6.9846506,5.6532884,0.2226646,1.3499115,1.2339976,10.793013,8.447686,-0.545834,1.0558598,0
2010-04-01,4.9252243,0.6915501,3.752265,-3.8708563,-5.733812,-6.894419,7.2954073,3.029651,-2.966381,-3.9707546,6.5397396,-6.7322426,5.1774287,-0.27490017,1.2287024,1.2943646,10.196607,8.19313,-0.90693635,1.4555624,0
2010-05-01,4.7633452,0.047347844,3.8261745,-3.8633685,-5.4384475,-6.8385844,6.606593,2.7310755,-3.3701205,-3.8485763,6.2842107,-6.276352,4.941026,-0.68551666,0.9946177,1.105615,9.980128,8.036328,-1.5780288,1.327968,1
2010-06-01,4.9263864,-0.031693004,3.998036,-3.6705005,-5.572486,-7.2127366,7.1722207,2.696678,-3.3479133,-4.5026593,7.163878,-6.2182307,4.771113,-0.43085328,0.7812499,0.66346186,10.112518,7.971572,-1.8584006,1.1306299,2
2010-07-01,4.4400835,0.18639426,3.6205494,-3.7072084,-5.1691675,-6.5369277,6.2231207,2.351044,-3.1791408,-3.7679436,6.753805,-6.032967,5.293763,-0.28332874,1.279508,0.5392684,9.540534,7.448067,-1.7552267,1.0141864,0
2010-08-01,4.309283,0.335961,3.385015,-3.8525014,-5.087503,-6.3156476,5.885682,1.971272,-2.970072,-3.7280333,6.645567,-6.1937013,5.7142086,-0.09119567,1.6121025,0.019089445,8.995725,7.0203137,-1.4018509,0.7696174,1
2010-09-01,4.2119884,0.23256044,3.4327292,-3.6883092,-5.1127524,-6.5979476,5.647668,2.131393,-3.185978,-3.8671105,6.5885453,-5.9972796,5.582915,-0.3333906,1.9230733,-0.15914394,8.959513,7.2442493,-1.511396,0.83510464,0
2010-10-01,4.3301873,0.3978504,3.5169754,-3.5758495,-5.1379204,-6.6516805,5.6161947,1.9800552,-2.9055126,-3.7441874,6.8553967,-6.0230975,5.3221893,-0.33113748,2.0107493,-0.39634457,8.835937,7.2376194,-1.6619991,0.9004768,0
2010-11-01,3.8300638,-0.22377497,3.0920143,-3.672163,-4.6669126,-6.520928,4.9960995,1.865835,-3.0447927,-3.191374,6.9006324,-5.3435583,5.185537,-0.9111515,2.0314617,-0.52024776,8.823682,7.1755757,-2.2422585,1.3860224,0
2010-12-01,4.382932,-0.08097796,3.4878907,-3.6300142,-5.0375648,-6.7378297,5.4984665,2.0931373,-3.450361,-3.8210764,7.6209435,-5.489834,5.52906,-0.5102733,2.5703623,-1.2975633,8.951399,7.077491,-1.6669865,1.1640406,2
2011-01-01,3.9617987,-0.12888668,3.0787938,-2.9949744,-5.218362,-6.215859,4.910411,1.7487657,-3.5471203,-3.6533551,7.667893,-5.335002,4.8377323,-0.10930045,2.0487628,-1.0298648,9.147587,6.8359127,-1.5887562,1.0501331,4
2011-02-01,4.1954837,-0.6549381,3.2771227,-3.0685396,-4.4951844,-6.6568265,4.7766194,1.5520045,-3.6050744,-3.987162,7.7607446,-5.3437433,4.80646,-0.14675651,2.205168,-0.8713984,9.054409,7.4165215,-1.873475,1.4700781,3
2011-03-01,4.065384,0.30628958,3.32724,-3.394955,-5.240774,-5.9724007,4.836198,1.496165,-3.2446926,-3.4163043,7.4631615,-5.8776064,5.3793454,0.33085087,2.1854157,-0.87172675,9.26259,6.8962665,-1.5657413,1.0938921,3
2011-04-01,4.1910715,0.29538304,3.012174,-3.1355338,-5.2185493,-6.1886086,5.6534348,1.1294394,-2.8072176,-3.4722984,8.12401,-5.972561,4.9848123,0.23892611,1.8573005,-0.82320476,9.5877905,6.9262013,-1.6315356,1.1890934,1
2011-05-01,4.192125,0.48416686,3.0604289,-2.6837869,-5.1969986,-5.8671784,5.2419043,1.2566365,-3.0831168,-3.414152,7.842499,-5.981313,4.864508,0.44957933,1.9911152,-0.63938665,9.575053,6.9673214,-1.2900374,0.976838,1
2011-06-01,4.4215255,0.43484783,3.1051135,-2.2044683,-5.247082,-5.957389,5.727143,1.2983631,-3.3905504,-3.874389,8.12178,-5.9075694,4.5222735,0.60319626,2.1208036,-0.59333163,9.7762785,7.4978094,-1.5472703,1.0944941,2
2011-07-01,4.2599463,0.68172634,3.035226,-1.8591,-5.004658,-5.6130977,5.297493,1.3113765,-3.1921186,-3.3926008,7.6106334,-6.073803,4.756078,0.9014239,2.5978482,-0.7686635,9.334766,6.980707,-0.7517182,0.76357454,0
2011-08-01,3.8480456,0.98940676,2.533662,-1.771933,-5.2125816,-5.2840734,5.119534,1.2732117,-3.1343067,-3.0792608,7.2967353,-6.219187,4.766056,0.99268764,2.6862276,-0.85036695,9.261453,6.7274747,-0.53834575,0.75166327,2
2011-09-01,4.036336,0.709823,2.5618389,-1.6112626,-4.7830014,-5.373458,5.056344,1.3381902,-3.064361,-3.3315861,7.154468,-5.9730983,4.2751894,0.99631375,2.7532928,-0.75113887,8.881165,6.6642346,-0.3819913,0.81795084,3
2011-10-01,3.5066118,0.8908589,2.329952,-1.6828027,-4.6578426,-4.6951957,4.5903416,1.32758,-2.7800272,-2.740344,6.3054304,-5.56182,4.078359,0.840006,2.6151454,-0.54333174,8.36504,6.1691856,-0.5352747,0.7748031,4
2011-11-01,3.3599722,0.55029815,2.4104507,-1.9145442,-4.1648617,-4.58554,4.341419,0.7429652,-2.409907,-2.8624344,6.3773494,-5.0110164,3.9379692,0.87936205,2.3673513,-0.44381163,8.0670805,6.361185,-1.2047156,1.0392041,1
2011-12-01,3.4903352,0.29143667,2.6007752,-1.888626,-3.917466,-4.146806,3.9454257,0.69357353,-2.402095,-2.932188,5.9969587,-4.7350826,3.5958934,1.1152382,2.4120507,-0.28673646,7.6275067,6.157065,-1.0043216,0.81651396,1
2012-01-01,3.2921293,0.2248017,2.4910653,-1.8794088,-3.5755472,-3.8895552,3.9485488,0.36993423,-2.0235798,-2.7679858,5.750792,-4.3229933,3.6320071,1.4037447,2.1920831,-0.46756822,6.8083453,5.6325736,-1.4462107,0.48202425,0
2012-02-01,3.59112,-0.63861024,2.8370469,-2.2732136,-3.5799315,-3.8945773,4.1156597,0.43385586,-2.4752963,-3.1288831,5.8909903,-4.005308,3.7339373,1.1874418,1.9680542,-0.6611584,7.037351,5.6397963,-2.1748807,0.7679667,4
2012-03-01,3.079933,0.20965427,2.5305214,-2.3951082,-3.9798398,-2.908304,3.7910972,0.2958106,-2.0869095,-2.1475477,5.334296,-3.8106174,4.0889807,1.2411699,1.9289118,-0.42082888,6.640228,4.7800994,-2.104686,0.73020566,0
2012-04-01,3.0026002,-0.016455576,2.6298273,-2.1703193,-3.2777762,-2.920024,3.3562393,0.24481267,-2.0587199,-2.3538373,5.125448,-3.736101,3.7276,1.3154569,1.5748733,-0.12327557,6.4553003,4.63827,-1.8062772,0.5982316,0
2012-05-01,3.059307,0.001503793,2.7402642,-2.0677388,-3.2684844,-2.7654152,3.4238372,0.09143213,-1.8107479,-2.456567,5.0984435,-3.646098,3.780293,1.4792747,1.5261661,-0.2961834,5.9895306,4.7244577,-1.903115,0.44235572,2
2012-06-01,3.2926838,-0.45247793,2.6136754,-1.4456259,-3.2132173,-3.0263166,3.5325317,0.29231843,-2.0854416,-2.5245314,4.918984,-3.720738,3.088704,1.6879056,1.3618912,-0.4751349,5.983519,4.6675115,-2.0766485,0.10328016,1
2012-07-01,2.9558508,-0.1121231,2.6589313,-1.3746061,-2.8357992,-2.6087391,3.0195417,0.4431369,-1.7490019,-1.9753218,4.255525,-3.653102,3.8258352,1.6011326,1.8801994,-0.55867463,5.436123,4.3800087,-1.7807839,-0.15397702,1
2012-08-01,2.6391072,-0.1106696,2.3918114,-1.6161268,-2.788454,-2.5321429,2.942263,0.14975302,-1.4557728,-1.6542329,4.3442693,-3.596991,3.9161527,1.6058855,1.7676966,-0.63849574,5.395681,3.9281228,-1.6418808,0.26080692,2
2012-09-01,2.8315523,-0.6596031,2.4522982,-1.5528191,-2.7153227,-2.7513084,3.1977541,0.05843298,-1.475495,-1.954672,4.5154805,-3.3490183,3.4123046,1.5271708,1.4660116,-0.6781975,5.1098857,4.010047,-2.3056686,0.36853796,2
2012-10-01,2.566865,-0.5893634,2.5855012,-1.8009421,-2.9198968,-2.2378676,2.9333122,0.059359357,-1.5363389,-1.6252204,3.8504148,-3.1190996,3.6977992,1.4346538,1.4713327,-0.9381645,4.830933,3.6375344,-2.0300462,0.37175682,0
2012-11-01,2.3221703,-0.63875127,2.554656,-1.857593,-2.8281035,-2.194648,2.70831,-0.04909018,-1.5483917,-1.6248003,3.622024,-2.8188744,3.601141,1.342069,1.5312139,-1.0951684,4.6763754,3.6278589,-2.2690053,0.36519957,1
2012-12-01,2.1632097,-0.93995005,2.3931377,-1.8050869,-2.8635037,-1.9927762,2.3298328,-0.326948,-1.7139131,-1.5909083,3.4711747,-2.5929034,2.9970844,1.3304073,1.114959,-1.1003386,4.3730173,3.4729924,-2.5123029,0.6644733,0
2013-01-01,2.2114167,-0.87819785,2.5606337,-1.7865438,-2.683128,-2.4082603,2.3873286,-0.21459654,-1.8033345,-1.4745573,3.4185514,-2.3170216,3.1739495,1.9269571,1.3558211,-1.6468136,3.9848583,3.3681254,-2.5260446,0.3014752,1
2013-02-01,2.1010783,-1.4582199,2.716705,-1.6990881,-2.2953687,-2.6919656,2.066943,-0.572266,-2.1984372,-1.9309051,3.3573697,-2.2238393,2.8373373,2.1637034,1.136885,-1.8133746,3.809994,3.0388803,-2.5210955,0.393636,0
2013-03-01,1.8011942,-0.8575599,2.0448453,-1.8210893,-2.718406,-1.5701246,1.645597,-0.24266519,-1.9599855,-0.91047895,2.538405,-2.3957078,3.343088,1.8126397,1.7596805,-1.7511593,3.4737904,2.6235814,-1.9909271,0.23793304,0
2013-04-01,1.8735956,-0.30034125,1.8504568,-1.486217,-2.6920667,-1.886124,2.1943593,0.28788108,-1.2311896,-0.49084887,2.6607132,-2.4105175,2.6455815,1.723242,1.833656,-1.4676533,3.5351572,2.8033636,-2.1487887,0.16977909,1
2013-05-01,1.9433618,-0.39245892,1.7612588,-1.2641189,-2.530897,-1.6121019,2.789438,0.17248297,-1.0659537,-0.3082428,2.8385403,-2.4674468,2.729607,1.7053171,1.6041311,-1.4572492,3.2693107,2.5078695,-2.3069048,0.2159737,1
2013-06-01,2.2121682,-0.19591723,1.9494466,-0.7952975,-2.342412,-1.7963058,3.1900742,0.7274628,-1.4399588,-1.2800802,3.100003,-2.6709325,2.3433776,2.461883,1.2711176,-1.1479241,3.2619834,2.6857028,-1.8503448,-0.3227548,0
2013-07-01,1.6533694,0.085331455,2.1179714,-0.67387015,-2.0255442,-1.1516048,2.9380846,1.0571935,-1.2900779,-0.8670641,3.2571416,-2.2629423,3.250559,2.650073,1.6392765,-1.6028409,2.8899689,2.3697982,-1.8173803,-0.13036722,0
2013-08-01,1.109892,0.42154634,1.4242904,-0.51439357,-2.0388377,-0.66883206,2.8766296,1.405782,-0.92352283,-0.403086,2.6102815,-2.0867238,2.6705093,2.2500513,1.5330861,-1.0953951,2.5795693,2.4934983,-1.6347051,-0.19601353,1
2013-09-01,1.2518308,0.41319266,1.5565351,-0.44611114,-2.0204458,-0.6799221,2.247197,0.7812084,-0.9209334,-0.299692,2.2556963,-2.0212367,2.3604012,2.3704915,1.5085046,-0.80044043,2.1168492,2.045565,-1.5316234,-0.046354547,1
2013-10-01,1.012728,0.57848614,0.9719518,-0.7415419,-2.5043359,-0.02571345,1.7986878,0.42791653,-0.62685406,0.1575144,2.0426528,-1.9370116,2.5456834,2.1771688,1.5252858,-1.2907712,1.6590204,1.8498203,-1.3439859,-0.29252133,3
2013-11-01,0.5173644,-0.055629022,0.46340108,-0.5552541,-1.8190184,0.14876527,1.2458565,-0.5242373,-0.3232629,0.6567535,1.6928289,-1.5105879,2.3679469,2.0983543,1.2963703,-1.0403646,1.4576979,1.4581822,-1.8099986,-0.051941425,1
2013-12-01,0.6812458,-0.31093672,0.9900768,-0.68676776,-2.2409177,0.55319774,0.8088502,-0.37766972,-0.72275573,0.548437,1.3308184,-1.2579088,2.4467058,2.1213498,1.5541722,-1.3874741,1.2265885,1.4298397,-1.7891772,-0.14821789,3
2014-01-01,0.1807134,-0.41587758,0.43731743,-0.6576214,-2.0124674,0.6545507,0.30600813,-0.7584444,-0.7214183,1.0389194,0.9935159,-0.6124668,2.184392,1.8641769,1.5664338,-1.8317909,1.2282488,0.85152555,-1.7185221,-0.57864046,0
2014-02-01,0.21236102,-0.71269834,0.99744815,-0.9008006,-2.4633355,0.6477182,-0.112790585,-0.76532537,-1.3807833,0.6118661,0.81664544,-0.06698256,2.3857768,2.1446078,2.2574382,-1.9733227,1.0117819,0.74275666,-1.3719746,-0.285838,4
2014-03-01,-0.28866786,0.015133573,0.07118431,-0.552225,-2.1127737,1.07041,-0.14233929,0.016698059,-0.5447229,1.1438763,0.363199,-0.39293364,2.051623,2.0321167,1.6845367,-1.2598187,0.8319386,0.6862048,-1.5209578,-0.41211432,5
2014-04-01,-0.111058526,0.23496383,0.2167389,-0.71122557,-1.7272923,1.0287515,0.2646325,0.43720293,-0.45120567,0.95888716,0.22615372,-0.63616157,2.2283475,2.233529,1.9949425,-0.93491787,0.13666947,0.83965254,-1.0651407,-0.20216718,2
2014-05-01,0.025486441,0.31704238,0.25440243,-0.5950881,-1.5572824,1.0815064,0.13389146,0.16937733,-0.33038718,0.6686797,0.46625116,-0.5148811,1.8367108,2.234104,1.5375212,-0.8995923,0.19337983,0.87135726,-1.1472474,-0.5115504,5
2014-06-01,0.28648007,-0.36468214,0.47494033,0.14110838,-1.3773583,0.9618311,0.24399869,0.12185225,-0.8331887,0.3367196,0.71890795,-0.45149037,1.5314606,2.4877214,1.1368201,-1.0252131,0.38661417,0.9090191,-1.2188941,-0.35558423,7
2014-07-01,-0.14082164,-0.06602855,0.55903435,0.2688545,-0.9375315,1.3653953,-0.11770266,0.29197776,-0.7028197,0.71808743,0.25383195,-0.60650617,2.130291,2.7009244,1.3475378,-1.4920176,-0.041397452,0.41441378,-0.93879163,-0.6191995,0
2014-08-01,-0.5209039,0.25382107,0.12617652,0.27985096,-0.5633904,1.0441852,0.1290627,0.47032684,0.010722583,0.5072646,0.49053797,-0.2866088,1.6542798,2.8557823,0.7195694,-1.1978906,-0.3012352,0.7027066,-1.2287916,-0.9775068,3
2014-09-01,-0.23208223,0.10117661,0.22066393,0.27020034,-0.71685416,0.8374057,0.2711761,0.64736474,-0.06425032,0.22885299,0.7355104,-0.35396144,1.4660984,2.743648,0.8267889,-1.3218449,-0.30569008,0.65417683,-1.0808034,-0.8137921,0
2014-10-01,-0.34247184,0.097041,0.22064774,0.25577116,-0.54084015,1.0005136,-0.112782635,0.16707622,0.12271493,0.7449479,0.08572969,-0.4097935,1.483425,2.3985817,0.8112596,-1.1929339,-0.37118146,0.2336881,-1.1313851,-0.7013766,7
2014-11-01,-0.41886067,-0.0037605623,-0.07454409,0.36844605,-0.5783677,1.0383584,-0.48939505,0.08876204,-0.10849036,0.84785485,-0.260503,-0.5859816,1.2051059,2.2394764,1.1165732,-1.4429106,-0.40744153,0.00049054436,-0.77925515,-0.7294776,10
2014-12-01,-0.8854825,0.036393296,-0.20326747,0.7080517,-0.31618604,1.2764946,-0.677088,-0.2462662,0.20684353,0.97788286,-0.34976804,-0.34178063,1.1444072,2.0972476,0.92608196,-1.5406091,-0.61155134,-0.072792105,-1.0201339,-0.40773124,6
2015-01-01,-0.6543384,0.056364544,-0.36853912,0.30190858,-0.6495788,1.1847934,-0.77727634,-0.29534122,0.15719871,1.0723609,-0.5295601,0.13983323,0.7913971,1.6613169,1.0748401,-1.3724998,-0.5947458,-0.0652404,-0.8582591,-0.6568542,5
2015-02-01,-0.83139205,-0.07800568,-0.042332206,0.5597089,-0.51014733,0.9389776,-0.70795804,-0.55741626,0.42368352,0.94039583,-0.2299393,0.5285658,1.2544843,2.2529628,1.2470057,-1.7792685,-1.1097258,-0.17948908,-0.75349414,-0.54567647,7
2015-03-01,-0.9347702,0.365653,-0.40785578,0.49065915,-0.52308565,1.4585676,-0.705015,-0.105557054,0.03438244,1.2078743,-0.31316233,0.10003698,1.4032196,2.1481433,0.7373731,-1.8407215,-0.37804002,-0.27419168,-0.816986,-0.90065104,10
2015-04-01,-0.74885094,0.2800259,-0.6072788,0.297497,-0.7894727,1.0432498,-0.5714002,-0.1739273,0.039696064,0.9852138,-0.056464914,0.14653483,1.2398576,1.7788054,0.6027935,-1.6634191,-0.3693494,-0.21828012,-0.6718246,-0.93407923,11
2015-05-01,-0.8138989,0.37771866,-0.7414677,0.48604563,-0.7338369,1.1768377,-0.8881666,0.18967062,-0.25965366,1.3527979,-0.45108122,0.04981888,0.9902784,1.1211271,0.54420185,-1.4981979,-0.4062717,-0.30427563,-0.18369736,-0.83785915,11
2015-06-01,-0.838907,-0.082548134,-0.05392095,0.87660724,-0.6879495,1.0163627,-0.83155817,0.52051485,-0.6757912,0.92439747,-0.2124301,-0.0009984003,1.2861587,1.1984847,0.6572014,-1.4505951,-1.1885886,-0.31763723,-0.012266783,-0.5453113,16
2015-07-01,-1.4818187,0.4727491,-0.11752488,1.2074753,-0.19818404,1.468563,-0.43693358,1.0958966,-0.40661883,0.9812509,-0.6801739,-0.0149110295,1.2800866,0.9985272,0.07812753,-1.3281665,-0.8969244,0.17560291,0.23809308,-0.8087804,5
2015-08-01,-1.1406398,0.389855,-0.40792447,0.9268555,-0.8435139,1.1046917,-0.88184875,0.82907104,-0.47098818,1.1771628,-0.7559887,0.20701113,1.0301707,0.538432,0.45319673,-1.2593504,-1.0231378,-0.33641672,0.18016912,-0.82240695,21
2015-09-01,-0.5389541,0.033657916,-0.5196907,0.85558593,-0.6588488,0.49214125,-1.0215623,0.15938902,-0.26233536,1.1171963,-0.46270838,0.37519693,0.87111694,0.6268407,0.69924444,-1.1611353,-1.0913001,-0.66446406,0.028774315,-0.74569446,10
2015-10-01,-0.6028258,0.18594775,-0.82049185,0.8526496,-0.62153023,0.589563,-1.0269604,-0.118359596,0.029170385,1.5449792,-0.6928302,0.6340301,0.87165236,0.28186023,0.50795823,-1.028142,-1.0009949,-0.70696867,0.08042575,-0.7873638,7
2015-11-01,-0.7314478,0.29324618,-0.8846649,0.7498222,-0.31940597,1.0553151,-1.3628665,-0.41021368,-0.077755764,1.536292,-0.9609151,0.4982944,1.2812123,0.37609372,0.2932757,-1.0068102,-1.251389,-0.4955674,0.09592683,-0.68905705,1
2015-12-01,-0.58299243,-0.004316712,-1.0262357,1.131835,-0.08318257,1.1563336,-1.5695766,-0.7176989,0.14629936,1.6623821,-1.2646555,0.556004,1.3294083,0.16018113,0.5092784,-1.1001834,-1.5420876,-0.2568673,0.16214377,-0.5019902,0
2016-01-01,-0.4091489,0.05830814,-0.8523706,0.7742674,-0.17430884,1.2406332,-1.504724,-0.9492309,0.10799202,2.048591,-1.5746435,0.7292392,1.3443865,0.606561,0.5069862,-1.5474398,-1.523123,-0.8234812,0.115874946,-0.8302673,0
2016-02-01,-0.39367372,-0.5321484,-0.7595052,0.94049907,-0.29051238,0.76979244,-1.3865845,-1.5817542,0.6036554,2.0891042,-1.1821444,1.225796,1.6944358,1.4014705,1.0467309,-1.9212264,-2.0744488,-0.92999625,-0.0947634,-0.99669605,0
2016-03-01,-0.3472698,-0.0009138137,-0.6497331,0.8729406,0.1912637,1.710939,-1.591827,-1.0330794,0.7316284,2.225313,-1.704897,1.530539,1.6027647,0.9060184,0.09399648,-1.4639776,-1.5114939,-0.9472253,0.12667052,-1.1666292,0
2016-04-01,-0.4596238,-0.05893089,-0.8101971,1.0821333,0.32454413,1.4967175,-1.4395791,-1.3139013,1.053266,2.29146,-1.6027296,1.6728082,1.6354303,0.6670678,0.06562452,-1.265975,-1.5780952,-0.7312777,0.060686186,-1.0594084,1
2016-05-01,-0.11055433,-0.10796778,-0.75126475,0.92173064,0.13770743,1.553806,-1.3683879,-1.0214581,0.9675526,2.3521483,-1.5637381,1.5768191,1.0237862,0.3476492,0.009298179,-1.1716461,-1.4039378,-0.7598676,0.19557941,-1.1321442,0
2016-06-01,-0.08729306,-0.5297167,-0.19282937,1.2482295,-0.17892781,1.349829,-1.4146148,-0.690557,0.44302845,2.2421596,-1.1735914,1.7332408,1.3754401,0.52710325,0.21696232,-1.6082288,-1.7606492,-0.54573125,0.23945051,-1.0159914,0
2016-07-01,-0.27338085,-0.21592344,-0.33605856,1.4477017,0.32070586,1.2916834,-1.258019,-0.87089926,0.70230955,2.1165867,-1.1061072,1.5350981,1.3134903,0.25675568,-0.06350429,-1.2283417,-1.6456838,-0.47071487,0.25005943,-0.77816147,0
2016-08-01,-0.18600634,-0.05350054,-0.3699153,1.5929654,0.2822812,1.4787877,-1.5557045,-0.8523139,0.8421799,2.642438,-1.4268137,1.8379617,0.9419446,0.02709852,-0.17707941,-0.9409166,-1.2819704,-1.0082257,0.41071314,-0.86577404,1
2016-09-01,-0.13094248,-0.58970904,-0.22208501,1.8974355,0.51722443,1.3037789,-1.8617716,-1.0272658,0.52763575,2.6290166,-1.4306703,1.9125435,1.3308909,0.49786162,0.06282076,-1.5361096,-1.5600082,-0.80468047,0.31531182,-0.77446985,0
2016-10-01,-0.28489956,-0.17961602,-0.1251477,1.6807183,0.88522476,1.3021318,-1.7907267,-1.0957854,1.150126,2.2802238,-1.352241,1.6610477,1.2104751,0.17743757,-0.18727048,-1.1197629,-1.693815,-0.46816888,0.19209205,-0.4528648,0
2016-11-01,-0.496295,-0.05349852,-0.26813805,1.7133396,0.93315697,1.5044188,-1.7906212,-1.3130935,1.0026861,2.222042,-1.4678408,1.3006374,1.2021873,0.17477588,-0.452353,-1.2196255,-1.8047723,-0.25629845,0.1370935,-0.42804065,0
2016-12-01,-0.4217679,-0.12555629,-0.39543864,1.703331,1.3309795,2.0631843,-2.3848526,-0.87813425,1.3505808,2.658276,-1.6876783,1.7588501,0.6976442,-0.11728936,-0.44755548,-0.91540796,-1.4710052,-0.13153927,0.7743631,-0.42978218,0
2017-01-01,0.30304724,-0.69118667,0.05979963,1.3685201,1.1440165,1.8584937,-2.9786415,-1.2466255,1.4151859,2.6529977,-1.6708513,1.5536546,0.49424878,-0.39514205,-0.00479167,-1.2157079,-1.8277628,-0.4645765,0.8105302,-0.47609407,1
2017-02-01,0.2888878,-0.85649115,0.106900245,1.2887081,1.2889665,1.4624814,-2.9301813,-1.5721087,1.5056703,2.5872812,-1.3600396,2.0507152,0.89057046,0.035978645,0.12611975,-1.3101043,-1.8773079,-0.5775075,0.9909988,-0.50731754,0
2017-03-01,0.44631714,-0.9827041,0.04073783,1.3629749,1.6708423,2.2168362,-3.1868794,-1.1724762,2.1845856,3.2125502,-2.0424612,2.38351,0.15803349,-0.10917697,0.08300929,-1.0289506,-1.662874,-0.69677913,0.6786411,-0.4078987,0
2017-04-01,0.41628706,-1.0047488,-0.23083146,1.643632,1.3439405,1.9298012,-2.845358,-1.1850975,1.9074603,2.787695,-1.7683196,2.0102348,0.31484884,-0.47340018,-0.007439711,-0.9302035,-1.7153597,-0.56242836,0.63050854,-0.41518798,0
2017-05-01,0.5901523,-1.0485831,0.17321451,1.6793234,1.486665,1.9321054,-2.6608753,-0.8596395,1.8083413,2.7831142,-1.7001764,2.1888838,0.13920829,-0.7614098,-0.11560349,-0.8900233,-1.5293349,-0.83635366,0.79055417,-0.27552977,1
2017-06-01,0.5611025,-1.2046806,0.4518003,1.8245124,1.2324024,1.7171003,-2.414316,-0.6792221,1.3636764,2.615461,-1.1937038,2.3781044,0.27371657,-0.79855436,0.06225237,-0.83512795,-1.1871163,-0.9928075,1.1436342,-0.19493684,0
2017-07-01,0.48879188,-1.0466205,0.29690734,1.5983247,1.318645,1.718026,-2.6575875,-0.6374347,1.9467964,3.061063,-1.24868,2.750325,0.4119151,-0.82635725,0.44316146,-0.8068434,-1.1432152,-1.2357008,1.054376,-0.33398542,0
2017-08-01,0.40801877,-1.2339224,0.3485409,1.6404955,1.5084602,1.8149949,-2.4077034,-0.20147863,2.0948274,2.6470892,-0.94485694,2.7079575,0.27866358,-1.1363562,0.20727083,-0.35571772,-1.0824915,-0.8407505,1.1953892,-0.48220316,1
2017-09-01,0.25482044,-1.2039344,0.74547946,1.6694682,1.7771137,1.9266517,-2.4022207,-0.20269601,2.3993256,2.5304735,-0.9177227,3.0251658,0.6152953,-0.79653084,-0.10462774,-0.3955264,-1.3070053,-0.58704054,1.1863639,-0.54459924,0
2017-10-01,0.08883705,-1.2280756,0.64962137,1.6182011,1.7958889,1.9675742,-2.367836,-0.339124,2.4754863,2.1882029,-1.2035561,2.7785544,0.4508829,-1.0062475,-0.16516261,-0.21617371,-1.3738075,-0.21718757,1.1596475,-0.2716068,4
2017-11-01,0.048362143,-1.0444951,0.82611036,1.7042766,1.9200419,2.1712646,-2.5526361,-0.65546614,2.1834445,2.091502,-1.6432301,2.438849,0.37017387,-1.0422859,-0.50989366,-0.17650864,-1.441201,-0.40605798,1.1907209,-0.264014,0
2017-12-01,0.027896648,-1.0709133,0.59228516,1.7910246,2.1451006,2.3832204,-2.851088,-0.81585974,2.1410518,2.0886016,-1.9580376,2.3081892,-0.036231045,-1.529814,-0.6218031,-0.04149574,-1.4231443,-0.10502372,1.332818,-0.1769531,2
2018-01-01,0.2664219,-1.1973807,0.8752385,1.7574288,2.3410401,2.6130984,-2.946536,-1.273724,2.3931072,2.2490873,-2.59285,2.330222,-0.18469916,-1.1723076,-0.6083518,-0.38404676,-1.7621506,-0.60751146,1.1117964,-0.42329097,2
2018-02-01,0.19585006,-1.4157795,0.8840897,1.5032082,2.3759735,2.692149,-3.5936027,-1.7337795,2.3857653,2.7666016,-2.737729,2.9927325,0.2460946,-0.8824516,-0.38389212,-0.7808132,-1.8123322,-0.9747666,1.5817727,-0.53396165,0
2018-03-01,0.38169694,-1.7953279,0.88060653,1.8762758,2.50965,3.0050106,-3.7630525,-1.1138382,2.832982,3.4757695,-3.3194144,3.7730706,-0.24695596,-1.2064729,-0.0903147,-0.84540987,-1.9736711,-1.0976051,1.3168284,-0.48766637,0
2018-04-01,0.46769035,-1.7625347,0.8682322,1.7091757,2.3207898,2.6960046,-3.6677935,-0.9606381,3.209236,3.2200408,-3.1343844,3.8998206,-0.14467356,-1.2217385,-0.032006245,-0.57421654,-2.0729792,-0.9474629,1.458196,-0.6866894,0
2018-05-01,0.55799633,-1.832864,0.96283776,2.144088,2.4332952,2.7255135,-3.764127,-0.55551887,3.4033678,3.4000342,-3.3471415,3.9439688,0.08173156,-1.5186243,0.16662566,-0.37261423,-2.1687427,-1.2516736,1.7039658,-0.55903095,2
2018-06-01,0.6449089,-1.8012058,1.2024466,2.3284967,2.1054115,2.5937173,-3.8044329,-0.40429768,3.476033,3.012992,-3.1373901,3.8293157,0.44689932,-1.6070485,0.45661432,-0.19439052,-2.4930785,-1.0216017,1.9972955,-0.4645155,0
2018-07-01,0.76153207,-1.7579306,1.1085954,2.487402,2.435004,2.4009464,-3.7316685,-0.171013,3.80851,2.8184507,-3.1673133,3.4886227,0.5042527,-1.6516899,0.40640193,0.08978876,-2.6086338,-0.81923366,1.9919128,-0.31245226,2
2018-08-01,0.6315026,-2.144328,0.9654221,2.231514,2.819924,2.7222674,-4.067299,-0.2639061,4.088162,3.0382733,-3.124365,3.8813343,0.5419911,-1.6715485,0.21652429,0.08205203,-2.5983331,-0.54110384,2.0830698,-0.5436223,0
2018-09-01,0.6722698,-1.8828094,1.4384061,1.9473975,2.5741777,2.6058912,-4.2072287,0.019932952,4.2195125,2.8627284,-3.3365278,4.081454,0.6308376,-1.5713818,0.38771725,0.19622445,-2.8140056,-0.55347157,2.325355,-0.7319065,1
2018-10-01,0.450108,-1.8147657,1.2396908,1.9672469,2.783829,2.9655838,-4.3141594,-0.07798681,4.561186,2.9639387,-3.2930899,4.228209,0.5723198,-1.5243846,0.23361538,0.17220666,-2.7972176,-0.39089665,1.9376447,-0.74180293,0
2018-11-01,0.30387318,-2.0039618,1.2312579,1.7600297,2.7971313,3.188147,-4.5941644,-0.30887988,4.2851515,3.1017892,-3.5597863,4.501764,0.33692062,-1.7384776,0.079357445,-0.06808846,-2.5996253,-0.26726958,2.143115,-0.5653054,0
2018-12-01,0.34519976,-2.069479,1.14444,1.9897282,2.7374008,3.474074,-5.0045342,-0.45631036,4.177088,3.3210583,-3.818069,4.443637,0.20405684,-1.966096,-0.17066151,-0.088831395,-2.848317,-0.28556177,2.343439,-0.59139884,0
2019-01-01,0.34382066,-2.26075,1.0808076,2.169019,2.7674644,3.1500282,-4.8538485,-0.41608563,4.288391,3.273792,-3.465515,4.4482136,0.18239133,-1.6940662,0.1459705,-0.3723389,-2.8468668,-0.5102011,2.4444315,-0.6027084,0
2019-02-01,0.25214294,-2.4342577,1.0719607,1.9384035,2.7635624,2.7326832,-5.139962,-0.76438546,4.198408,2.7816417,-3.1190352,4.4488735,0.63910675,-1.605754,0.31588,-0.40363038,-2.9596322,-0.06935427,2.4873612,-0.6547709,1
2019-03-01,0.608967,-2.5198934,1.2177194,2.2633142,2.8446329,3.2318387,-5.4120636,-0.124480955,4.238572,3.5946152,-4.075725,4.546236,-0.059593137,-1.9243971,0.6427398,-0.09710549,-3.39566,-0.5672922,1.8844494,-0.6023398,1
2019-04-01,0.19290788,-2.4175792,0.88293374,2.5115736,3.399966,3.4362767,-5.5167985,-0.23029444,4.8019156,3.049396,-3.4546201,4.7353816,0.34621516,-1.760175,0.580457,0.079872586,-3.2717009,0.14478864,1.8527555,-0.37410843,2
2019-05-01,0.44171366,-2.5777485,1.2824725,2.5013463,3.3098798,3.7155576,-5.6613655,-0.09078439,4.6904464,3.0276296,-3.6762652,4.634849,0.2659154,-2.0388918,0.49924353,-0.014838796,-3.4880843,-0.017237524,2.0499299,-0.5967913,3
2019-06-01,0.84238493,-2.5726306,2.0726187,2.964425,2.9747744,3.4036283,-5.930972,0.051481828,4.6579666,2.8311515,-3.8588505,4.937543,0.38666344,-2.105186,0.91558725,-0.03556181,-3.78141,-0.15469848,2.5957708,-0.29745346,1
2019-07-01,0.72926813,-2.5939896,2.054509,3.223397,2.9989974,3.260886,-6.1576343,0.3037426,4.772924,2.968406,-4.229175,4.701453,0.39880398,-2.5230901,1.0633007,0.15122499,-3.9380105,-0.24722527,2.569899,-0.31477335,3
2019-08-01,0.7360945,-2.9877207,1.8441993,3.22009,3.1102552,3.3511817,-6.2469144,0.24889158,4.718442,2.9108639,-4.085919,4.8367496,0.52447295,-2.7698846,1.0396976,0.17369504,-3.7565012,-0.009551981,2.764574,-0.3873462,3
2019-09-01,0.73628354,-2.743548,2.2809715,3.2860994,3.4941177,3.040594,-6.6480303,0.45599768,5.4325995,3.2613053,-4.426206,5.446645,0.26631454,-2.4388902,0.89313024,0.2244229,-3.884297,-0.33193287,2.8581505,-0.47781554,1
2019-10-01,0.36984688,-2.760389,2.2812877,3.0730834,3.4449282,3.493117,-6.7120366,0.29719517,5.3711743,3.2141228,-4.463384,5.598222,0.3224708,-2.4074626,0.62497824,0.36213928,-3.8083248,-0.29396972,2.5977237,-0.7834044,3
2019-11-01,0.48919743,-2.519406,2.2921674,3.3140068,3.5113788,3.528218,-6.9685183,0.100217886,5.30136,2.9967105,-4.973743,5.0045085,-0.001416937,-2.6311238,0.43697497,0.5433158,-4.1504,-0.15362917,2.6622083,-0.5497294,5
2019-12-01,0.5724914,-2.3127956,2.2986856,3.6134741,3.5606089,3.5816908,-7.3806753,-0.049481403,5.455891,3.109187,-5.4899335,4.8948207,-0.31055397,-2.9985726,0.37017107,0.5073779,-4.436482,0.07563963,2.8733637,-0.33589664,8
2020-01-01,0.52074754,-2.1838143,2.5865664,3.652168,3.7871566,3.707045,-7.4664564,-0.37447137,5.569365,2.6551943,-5.819439,4.700081,-0.022407353,-2.8754218,0.10002805,0.8015667,-4.524493,0.14084019,2.7111604,-0.45129177,4
2020-02-01,0.35256827,-2.2758012,2.8167956,3.873197,4.253874,3.2783918,-7.517259,-0.42885748,5.54231,2.4366083,-5.2944407,4.4489937,0.6856283,-2.3373518,0.1898038,0.48454803,-4.7160516,0.40969577,3.03282,-0.16905716,4
2020-03-01,0.3353837,-2.08335,3.2663476,4.1443033,4.8677278,3.983537,-7.984332,0.3690334,5.6725287,2.6357002,-5.7123756,4.5744023,1.0783006,-2.7158048,-0.09974013,1.2206095,-5.2107024,0.3686917,2.9457636,-0.17279087,1
2020-04-01,1.1221415,-1.6839811,3.8583252,4.4180403,5.562127,3.9117718,-8.845101,1.5334711,6.502558,2.6566613,-5.556397,4.725324,1.5847249,-2.5560873,1.054676,1.4530774,-5.2505074,0.66835093,4.134419,0.72442114,3
2020-05-01,1.7646194,-2.0173903,4.3677897,4.8754044,5.5933075,3.9021256,-8.974507,2.543864,6.267283,2.3834338,-5.2674937,4.6317053,1.4717381,-2.5083709,1.8349952,1.2840952,-5.039979,1.0326419,5.246001,0.96409094,3
2020-06-01,2.1650872,-1.9723291,4.728416,5.352712,5.8443537,3.8391824,-9.456246,3.2923913,5.807173,2.2919836,-4.7872562,4.4104123,1.1215928,-2.508652,2.312052,0.8383707,-4.9907284,1.3868138,5.661864,1.4887307,1
2020-07-01,1.9732103,-2.0309608,4.509639,5.461942,5.6180425,3.4267824,-9.319558,4.1458364,5.714013,1.8616593,-4.709528,3.5853586,1.3807304,-3.53598,2.998465,1.4248468,-5.233489,2.3095667,5.6174855,1.2371117,3
2020-08-01,2.0172412,-2.0179996,4.1094046,4.947553,5.7217855,3.3465703,-9.517928,4.5133305,5.97218,1.9398757,-4.9665112,3.7073467,1.1883368,-4.3477106,3.3682337,1.8935338,-4.9759865,2.5047796,5.632432,1.233643,2
2020-09-01,1.6386625,-2.5280538,4.3626456,5.285996,5.7180243,2.795612,-9.64566,4.2343974,5.651255,1.3945512,-4.909776,3.59368,1.5881373,-4.2126956,3.67672,1.9654077,-5.5463724,2.7717435,5.325698,1.2783457,1
2020-10-01,1.2538974,-2.5999265,4.301014,5.047501,5.747337,2.972239,-9.952937,4.272988,5.695723,1.6867975,-5.195154,3.9194674,1.6153959,-4.258832,3.5509293,2.1380398,-5.3748837,2.847397,5.378158,1.311825,6
2020-11-01,1.2231524,-2.453977,4.611146,4.8610663,6.1755667,2.9840908,-10.103475,4.0428305,5.710371,1.8876836,-5.2904387,3.6845257,1.4715279,-4.341445,2.894912,2.4616952,-5.5035667,2.6693697,5.445315,1.5959876,6
2020-12-01,1.1837038,-2.247551,4.366045,4.8764124,6.587701,3.2352626,-10.324956,4.2215543,6.4141774,2.3058138,-5.508717,3.9027858,1.5196915,-4.563338,2.6540174,3.2927713,-5.534105,2.7956629,5.79767,1.939617,0
2021-01-01,0.95785266,-2.4212227,4.3483205,4.364765,6.5612264,3.515213,-10.233636,3.7914836,6.766109,2.3577592,-5.779932,4.1886744,1.7500832,-4.5580826,2.591439,3.420287,-5.690918,3.0710151,5.430873,1.7998576,3
2021-02-01,0.6752955,-2.941006,4.485706,4.2213955,6.695402,3.277062,-10.620621,3.4362502,6.5604463,2.0077112,-5.223646,4.23711,2.3722486,-3.9725566,2.5616302,3.0772178,-5.8300524,3.4841425,5.473142,2.0039966,2
2021-03-01,0.694242,-3.134739,4.551193,3.8685207,6.9557257,3.9246883,-11.019272,4.0383806,6.266386,2.2356348,-5.069832,4.12526,2.4183638,-4.3011456,2.6043785,3.2521317,-5.657552,3.6041818,5.198268,1.8060068,2
2021-04-01,0.40437463,-2.9916737,4.9158707,3.9620993,6.7632947,3.3405938,-11.3052025,3.9538481,6.5356035,2.236165,-5.537277,4.741134,2.4222896,-4.126582,2.7314372,3.0313575,-5.4606705,3.4236236,5.5208573,1.7292023,4
2021-05-01,0.6520336,-3.1068711,5.060421,4.4619083,7.4448094,3.7721465,-11.594031,4.535137,7.1386366,2.6283338,-5.663932,5.1982083,2.451229,-4.2942014,3.098609,3.0421188,-5.7020836,3.3646808,6.040565,1.9621196,3
2021-06-01,0.7131159,-2.8502333,5.778452,4.8701577,7.9259253,2.9857728,-11.855345,4.953855,7.7467837,2.640243,-5.460196,5.3887987,2.6221735,-4.4768815,3.58405,3.1654541,-5.8822947,3.382433,6.6163607,2.3199666,4
2021-07-01,1.1113738,-3.2791982,5.653809,5.0265517,8.727071,2.9664068,-11.577489,4.818764,7.995525,2.0227149,-4.947964,5.0050464,2.8208773,-4.371062,3.5479193,3.531397,-6.1428423,3.7553592,6.601265,2.4903762,2
2021-08-01,1.025251,-3.4843009,5.4855437,4.8991003,8.408194,2.9301884,-11.25773,4.724872,7.927794,1.8516048,-4.8943176,5.3762236,2.7753706,-4.4572296,3.6057508,3.4168992,-6.1146526,3.7419221,6.4772224,2.1722085,2
2021-09-01,1.1925617,-4.0246716,5.76624,4.711372,8.747057,3.0949166,-11.698894,4.5757985,8.1520815,1.8073446,-4.804854,5.901062,2.9229002,-4.425815,3.7722638,3.6404424,-5.943569,3.7742448,6.753419,2.1407342,3
2021-10-01,0.9461787,-4.018273,5.3933578,4.4166336,8.66336,3.5095675,-11.923231,4.1573396,8.277147,1.9960874,-5.2678366,6.042198,2.9676576,-4.184225,3.3148425,3.7769415,-5.907713,3.922287,6.2855515,1.971402,9
2021-11-01,0.47910994,-4.5215135,5.067632,4.235873,8.69664,4.318445,-12.650214,3.7636652,7.80903,2.2409577,-5.2507095,5.9247227,2.877734,-4.6374116,2.8519695,3.7614481,-5.9105883,4.340084,6.08064,1.875647,6
2021-12-01,0.098055884,-4.603983,4.6481824,4.055336,8.468459,4.6361094,-12.990994,3.3092039,7.7568154,2.6442995,-5.588652,6.185991,3.2558599,-5.1050334,2.653187,3.906681,-5.8848934,4.102881,6.222415,1.9422896,7
