Unnamed: 0,0,1,2,3,4,5,6,7,8,9,10,11,12,13,14,15,16,17,incidents per month
2010-03-01,9.375453826836033,2.582286745345435,-0.5535070594174124,1.4551694988671553,1.3874465853638602,1.257533297805085,1.495211462139471,-0.8722835473406454,0.7463381354571084,-0.10270955931350195,1.1724368480818765,-0.19931913858806766,1.2040100780775795,0.23099024470155416,-0.07522497532909975,-0.364340892727798,0.3562050170175862,-0.4955966852845564,0.0
2010-04-01,9.213228747636407,2.4060908156984375,-0.45447191626366623,1.399822972978975,1.5036361954091801,1.3035502162835753,1.2837874789075139,-0.6601917661231139,0.6059653706721652,-0.15490167442977393,0.9614167737109603,-0.20119449910463874,0.8776536302011269,0.2235008287827559,0.05238997082914526,-0.27524622308838764,0.2466425377125449,-0.3656071937493171,0.0
2010-05-01,9.167920053116132,2.3499555362868283,-0.2704395864676442,1.300381088507418,1.8046050314552318,1.1858015023048285,1.0492120098790798,-0.6172612029700381,0.45405551876816935,-0.19662138534106444,0.689031292669719,-0.09073657616236014,0.3820773023809352,0.46648185516801854,0.0015484567303352403,-0.258961018459576,0.26863674189514897,-0.09721563554157168,1.0
2010-06-01,9.178307130970717,2.3867596377196802,-0.058574414964973065,1.0808883761378938,1.931997863905829,1.0932413440297974,0.8193978246357869,-0.30086053261293344,0.33176010114685256,-0.12576854595924528,0.5279839867000781,-0.037349199229909924,-0.2173356648954943,0.8903838957890768,-0.2401522569132943,0.03180481506450583,0.31918021923006346,-0.17850031496824023,2.0
2010-07-01,8.891470042963022,2.138087112006917,-0.12572235330407,1.1059837670145032,2.08894113698765,1.04964902561536,0.6110996240435025,-0.2594352418642824,0.13663467542255833,-0.14830426295342442,0.22687720952979196,0.25862590892080944,-0.02174524569756428,0.38917550076995977,-0.016079432257712245,0.1268870479530097,-0.1399087760008028,0.10780637227489046,0.0
2010-08-01,8.787450662536772,2.0538225799672496,-0.2737597863388911,1.051563009212578,2.209740415834371,0.7288967452607449,0.32791511299334186,-0.1786562857905425,0.05236014856625762,-0.2588906440249269,-0.1641159481176318,0.5463194800986884,0.18101557198507354,0.06229846522484994,-0.01445868676911441,-0.09059351274364924,-0.1897527554226352,0.741059522890375,1.0
2010-09-01,8.712412313967437,2.0411539209206726,-0.25231138203217907,1.1115814744097148,2.1539049870103537,0.5889237841876787,0.08793868630408841,0.042909821479030885,-0.029174686129928892,-0.14419246423840193,-0.34608015670394354,0.4318370283350647,-0.0728878904863092,-0.025937152301098276,0.12852724611376143,-0.078892594996267,-0.4071057421631629,0.5524618879436347,0.0
2010-10-01,8.680677895327426,1.995623879869977,-0.2375109956006961,0.854429481953779,2.218478765499268,0.5616088897282674,-0.14641337964852005,0.44311548245821875,0.05283787946466201,-0.016191533202151998,-0.47933000036022616,0.4084202161495072,-0.4495834796276458,-0.055331782939274765,-0.10998464065465355,0.13927032862714195,-0.407649959829003,0.6319125190893251,0.0
2010-11-01,8.66367035279819,2.03451328169315,-0.31432742398075586,0.9863931219919835,2.1644583032713234,0.1552762493891855,-0.7275383154569905,0.7444374945905627,0.05144763646156962,0.19591370893983223,-0.7126346858174964,0.335479640791547,-0.334008567705783,-0.13345930299602293,0.3012469741504051,0.2735950747694142,-0.4289217746290839,0.34676546863922814,0.0
2010-12-01,8.764648165982061,2.035609295205301,-0.3050087704448803,0.7589318022101675,2.035974299613429,-0.17520784647027943,-1.0353651347612038,1.1518793639070326,0.07939281424675763,0.2858364816599257,-0.702178937222075,0.19770795267562344,-0.6529263319747737,-0.2941701571072303,0.115076636391021,0.020161968931537544,0.06560812858784137,0.4646415276495354,2.0
2011-01-01,8.656808401960799,2.2234586814224926,-0.3730563985563906,0.8882972484304539,1.309857198532132,-0.4257569711789727,-0.87224638368875,1.3395617476748356,-0.12815387802050338,0.5708085888205534,-0.5152072751361751,-0.2842221098799257,-0.43098007289635115,-0.4246091627141491,0.014370352530912622,0.06120479330196549,-0.05797098088900435,-0.6663641845979754,4.0
2011-02-01,8.704172589100228,2.2504090302666073,-0.1511948385309444,0.8015485810900503,1.1019187802102306,-0.7540732774271346,-0.9375642716350571,1.2861997969006411,-0.18803228789092985,0.31585911610156725,-0.7062888991270847,-0.2862133525059135,-0.22910931484335142,-0.20724710111940586,0.056445566613088735,-0.02264638001590291,0.017178064019630318,-0.33373804883251706,3.0
2011-03-01,8.566450078340994,2.2562984532097348,-0.29563892292171634,0.7597728143819702,0.8217019412379422,-0.6901903630009923,-0.638323513017072,0.8740908375328547,-0.34337636692123175,0.21275720085803165,-0.4751825027641569,-0.28492694058147494,0.16417288086734005,-0.5767383709819576,-0.02606733004453629,-0.21643819049647706,-0.1177343656060153,-0.1220202202020671,3.0
2011-04-01,8.537467877512315,2.364046554358123,-0.20450383127868021,0.855161863022514,0.24821838336374188,-0.7770625672150729,-0.4636954764525871,0.7794820310378081,-0.44995451253128027,0.13285983960594422,-0.41881058960984024,-0.38907340630300014,0.14651828118158045,-0.6509924801493132,0.01629935672561239,-0.17052656196161387,-0.09016983652710761,-0.4700382060341709,1.0
2011-05-01,8.468667687531408,2.3902165388470262,-0.047684829937075346,0.772105888079277,-0.04165710850204926,-0.7953932744009693,-0.3219208265532983,0.5811899550139566,-0.5169137153722283,0.015074598885385343,-0.2966237607222148,-0.37717584754220135,-0.08840441722738325,-0.44362060627899114,-0.0954204552504792,-0.09511827536733786,0.10226749103588469,-0.4938400701670273,1.0
2011-06-01,8.483479134655806,2.46929314329779,0.19258776866844407,0.5939387969850991,-0.39697639010108055,-0.8786970323110167,-0.05658809155922545,0.39180315176343994,-0.488771766864889,-0.13932345101767565,-0.18828386342370113,-0.4910270088276249,-0.5593276945949016,-0.07986748638560248,-0.19802699086781914,-0.0975387097369147,0.4470789585095648,-0.6212528609255867,2.0
2011-07-01,8.193602185458438,2.3212544062678266,0.17860012700586425,0.5699649851330061,-0.5887035116297409,-0.8817952223694842,0.0012548303741817257,0.04110766637507823,-0.5736614425014396,-0.3930439308873654,-0.21834515303297106,-0.257125231610333,-0.1241435032217462,-0.4284122466146439,-0.053889525252314885,-0.08649985590220166,0.39204662452652883,-0.21288202314529797,0.0
2011-08-01,7.989437539348568,2.3024519528418255,0.09768528926884257,0.5952970661932089,-0.9383995611290517,-0.9238586832504402,0.20434538870690533,-0.27395267735150874,-0.6006513782481527,-0.5529486460668656,-0.14461712901378715,-0.22424530622588768,0.13590331628800606,-0.6985001822069417,0.0615097298702275,-0.1531298812465035,0.22630922419989596,-0.125143347486023,2.0
2011-09-01,7.839405455305719,2.3060326748577253,0.22989117717647234,0.46450906000604597,-1.1538825085049542,-0.9741051540416467,0.29496113524592044,-0.2152656690430026,-0.46896156338310735,-0.7101919250160388,-0.11474860775530937,-0.29966892135975143,-0.11422754842632421,-0.30173014690281247,0.003759108352081042,-0.0795949988810456,0.39215704684247976,0.033490037587830604,3.0
2011-10-01,7.628241561710393,2.1171379994275896,0.06261657325925163,0.38719510066622276,-1.3419677770703764,-0.9868879896082934,0.5799828143604852,-0.4305421753831821,-0.17922782672577003,-0.7335537941972151,0.015843813106697885,-0.3241197566483486,0.046264907796640165,-0.4959847465746372,0.1667272455178903,0.056892202570746564,0.10692953317376624,-0.03626109519109933,4.0
2011-11-01,7.4978395652292305,1.9869591678262906,0.03947481924867979,0.2818201330529406,-1.5065876649807808,-1.2269342374968613,0.6754341474977859,-0.5634675509615825,0.10530641990658002,-0.7237555419112053,0.054239091962425705,-0.1397583005883181,0.005462288147928804,-0.15552197455584515,0.34578796268147927,0.39472630057007013,0.046859357897196044,0.18183757735771358,1.0
2011-12-01,7.399684458915139,1.9036436548383477,0.03960725866429138,0.17132478728071177,-1.6954051613391634,-1.257248641018994,0.7947866640212823,-0.46179678945455316,0.39487477489217515,-0.637036832291896,0.2852196406362151,-0.07182263866658821,-0.2624015666061802,0.029457497973478075,0.2542115886487204,0.7048425262002317,0.018822304404941648,0.03868262822179866,1.0
2012-01-01,7.1764271323048225,1.6556209680274847,-0.021159153211768866,0.004562408707614984,-1.6512113247517581,-1.1144891945326636,0.780419539736373,-0.469872233939597,0.3099181479844001,-0.4759435252270053,0.26517490345898637,-0.025617318479464427,-0.17010167469730358,0.2808613810099634,0.2845631316444782,0.8564344429346749,-0.2129643085070635,-0.03980773388180143,0.0
2012-02-01,7.14291689308525,1.6555729927393696,0.0389217159487415,-0.1500582272385973,-1.5349308922150657,-1.1383664832758311,0.4918721574095857,-0.20550736198513264,0.3635135493072713,-0.4841487162213366,-0.019492810134117522,-0.10372846274795607,-0.2111068529152486,0.5752595697509371,0.1227336080767277,0.4816879369876373,-0.05864735111587009,0.3051061192519931,4.0
2012-03-01,6.875416609401372,1.4666661487722086,-0.19871063479580942,-0.10609352676043654,-1.6037410224450668,-0.9575328980124209,0.5318186981250619,-0.4733625882749571,0.16759189317093093,-0.3496652780302665,0.03460563812225961,-0.07240190274839922,0.3040773121257032,-0.020300452826564896,0.23020758151352358,0.19275526067330123,-0.5068220736829081,0.07842005604899058,0.0
2012-04-01,6.666289325386719,1.2861344647268877,-0.23585282531092966,-0.1838419490539509,-1.5243936952524366,-0.8213773594295042,0.3434597618249308,-0.48982589934700177,0.08346572464710181,-0.16675338160581196,0.09289468359498892,0.14546426234347332,0.1271360120059878,0.23917614093738487,0.20182192814711858,0.40394493280761984,-0.4701121807833605,0.19047408471785718,0.0
2012-05-01,6.5616055329692715,1.138330610189552,-0.20670628982041883,-0.3322468442263115,-1.4243229760195042,-0.6631513470844235,0.19702072021498857,-0.6246371893353744,0.02211931579119998,-0.0892489995546248,0.132777748065934,0.26362605964701624,-0.17738879601620156,0.43263219425936933,0.0466795484347863,0.05467143473702435,-0.1368752476878901,0.4886431604909621,2.0
2012-06-01,6.5290794541594055,1.1406126930465716,-0.12899679979704343,-0.34974650318067835,-1.4081097828901925,-0.3894836833374836,0.05105136320874798,-0.5373144467407798,-0.030239653695886083,0.22121204765686991,0.248870046927807,0.11768805632726538,-0.6917382042509759,0.7673634845025036,-0.11457167355305589,-0.040137150753953854,0.050722949177119,-0.024639090840143776,1.0
2012-07-01,6.2375274204219915,0.9572389847448817,-0.32350321776730623,-0.4427028172065278,-1.3161715634391518,-0.3727439775625405,-0.09166495971381783,-0.6783238500688478,-0.1578058917606789,0.2881765691472198,0.15567187495934579,0.3334629689032037,-0.20333721930840565,0.2392266028215853,-0.25148283664488663,-0.2973411655907276,0.098497828755044,0.3097983198901926,1.0
2012-08-01,6.091231574576095,0.8244485025252513,-0.5196030171680417,-0.3712375679021061,-1.3044948615919774,-0.3409516944745052,-0.29492101570275486,-0.6469820369751655,-0.2720577441514007,0.3781613894649375,0.029151090867341287,0.5132408217135884,0.11981586231173419,-0.09403770046819748,-0.3506502434434474,-0.6225592833274283,-0.17098216773426073,0.39703851728721373,2.0
2012-09-01,5.996662842577422,0.7481484542536466,-0.3756909967055144,-0.5321696176276138,-1.2242634041564853,-0.2867728949660997,-0.5500582371176397,-0.3623475524672509,-0.2384525040109361,0.554936679439257,-0.11468356664767518,0.4490014247289431,-0.1081699320634699,0.3007036416422642,-0.36709733671009476,-0.5966431054269301,-0.0019742177817107034,0.3980453852328589,2.0
2012-10-01,5.819998349108933,0.48108374503906265,-0.6569850518200434,-0.5822403174795967,-1.1512723806448215,-0.19410080429572096,-0.4572234144745817,-0.4522188524131235,0.0007641466162709616,0.7971563739632042,-0.08764708218370226,0.5529892376342129,0.06615646943834658,0.12816711957017451,-0.2776473771159872,-0.6076140097940967,-0.14295772709754814,0.30383065954159777,0.0
2012-11-01,5.7098452964695445,0.2568834764336071,-0.8037064560839787,-0.6628805042158414,-1.0146971504532167,-0.11602709281822182,-0.4983637651604178,-0.31334478382056974,0.29751516227669245,1.0261464201399566,-0.1758526624533567,0.6480804849563175,0.1477277725217184,0.0007972492000274667,-0.35127723013322015,-0.5885868447848016,-0.21256690919293947,0.2644733795412723,1.0
2012-12-01,5.652089651615744,0.11195518060772144,-0.8252508415201921,-0.7985333212149549,-1.002255165360648,0.11985740807707773,-0.3899563525575882,-0.09977388109858054,0.602410155048585,1.3553039702924479,0.0017568845556468898,0.5137540904424324,-0.3844197062130868,0.3589682950516633,-0.4563541114155045,-0.41945261035081427,-0.2022474055997886,-0.33129240171760954,0.0
2013-01-01,5.408299737889507,-0.24005136396633103,-0.6715763115753423,-1.1988028388842487,-1.061571713256501,0.3750163063107284,-0.4582344397412169,-0.09081759940049713,0.5460270745787112,1.2210714347128226,0.07052687919062268,0.3217771415341189,-0.08444025805868137,0.4646898392880333,-0.38165050034670134,-0.33628222955950515,-0.19204007602639098,-0.25550861677219544,1.0
2013-02-01,5.343755096236931,-0.2876739314286043,-0.5260576258842842,-1.3114192177305235,-0.9994151434425368,0.22391363371980133,-0.7206548327099918,0.3002308175465506,0.5888449389366162,1.1084524779973373,-0.15321451282465215,0.20260657581329783,0.1004596749221847,0.7229738271539853,-0.341150557396659,-0.13812577144114796,-0.13168130059484404,-0.15622433956393236,0.0
2013-03-01,5.107317963747496,-0.4433464718724074,-0.7014389647538035,-1.1825336237770987,-0.881159879003855,0.4656387199208922,-0.6374140985579682,-0.17790156458067863,0.3490289466197443,1.0261999885114128,0.002847073102694119,0.15808978864367734,0.6814350247972283,0.12656062870703028,0.09355332411665442,-0.17448351545221008,-0.3433136245252736,-0.05300578040700498,0.0
2013-04-01,4.941433926703485,-0.47000240437038987,-0.6246268377509243,-1.1052183103760824,-0.8497170993887659,0.8210340722791614,-0.6120809088409662,-0.08240500462880082,0.05481413111007492,1.1673284469782745,0.12684352160909113,-0.08295002540482663,0.6871387976090825,-0.08983420623276916,0.13642480691287312,0.3815810464307652,-0.4730338175639478,-0.6404079231795986,1.0
2013-05-01,4.976207965653314,-0.5528627096984651,-0.25308035535475104,-1.2807981892105238,-0.6411810706272358,0.9409822546623088,-0.7221172204493177,-0.17188548350260396,-0.16234087640308068,0.7908156027598513,0.21260327637099977,-0.09023623023967856,0.2510680273770426,0.05056447302704753,0.11346163832749263,0.20934704162289214,0.12672445331271187,-0.04756238128463433,1.0
2013-06-01,4.917831798471272,-0.5514739680188822,0.034066129351013,-1.3298774109693166,-0.7223687851429543,1.3397391919700992,-0.6742734232097726,-0.06680723850969267,-0.33884142935860145,0.7090835239731544,0.45451495224242267,-0.30375304651256496,-0.21653549098874803,0.20638070809117148,0.10995572225718409,0.4888864770134088,0.37521084736337296,-0.28709164443536783,0.0
2013-07-01,4.717818892481581,-0.7134713568189464,0.11093847175353788,-1.442082407213476,-0.533526155190198,1.3918608510100838,-0.6998776344218491,-0.25359648874202423,-0.5259856393134583,0.4943059747486972,0.5600665779862202,-0.30144142568273935,-0.04118640853383962,-0.2290442282279595,0.14897604878168652,0.4472284115563004,0.4786487764406478,-0.025776519714273166,0.0
2013-08-01,4.4691828661354664,-0.7848313856768458,0.07521661893307141,-1.3630938289311294,-0.4727137622608476,1.595015449043043,-0.7042218947226161,-0.34360457949473255,-0.6070792269168552,0.3254819534535491,0.533843068991123,-0.24557308121252236,0.3774422678872541,-0.7971710118436357,0.306968247788874,0.5793273814686463,0.34815265964737174,0.08172465204301621,1.0
2013-09-01,4.272089428119775,-0.9386231273181447,0.2633327802401136,-1.5263570824228556,-0.46478902081149237,1.4431328015832525,-0.7699233172981185,0.05812698378077458,-0.503723569398318,0.06648911587885789,0.408215331082611,-0.4055144239269655,0.09685262817481867,-0.4482507806642706,0.21638974110851206,0.4797095784652527,0.47708257785871366,0.23811771997949277,1.0
2013-10-01,4.024165208663932,-1.2135081715177172,0.07070043993709424,-1.5507575907192268,-0.3831644191694157,1.3253154511465397,-0.4974795993334701,0.0625823615135944,-0.09560092884881394,-0.08784488911700628,0.41687838326726157,-0.460781751950112,0.05808660358304313,-0.605240023171928,0.28381103963680626,0.19269352004079388,0.39649903657763375,0.28455466116206024,3.0
2013-11-01,3.844751372290176,-1.4475282727204992,-0.04699262381858982,-1.5839562942108385,-0.2779973679665432,1.047608657283184,-0.5790122642072524,0.3370131471962264,0.2533117469705564,-0.17729222341683726,0.19374329755668193,-0.2407683896498171,0.08284970938066533,-0.46709686129795935,0.38718166517398833,0.39649036970170726,0.3568674543035095,0.2766935807930065,1.0
2013-12-01,3.692205450050589,-1.6204219539070934,-0.029314431246215703,-1.7717732791740535,-0.11112924944438735,0.8686117790867083,-0.46590505304131347,0.5277580354691207,0.6820857010138002,-0.24544291219135897,0.27872785322139404,-0.14684116013064974,-0.41919802164575104,-0.13578066630027816,0.1456263858085588,0.3080505023864815,0.532606945844353,0.3494180196899852,3.0
2014-01-01,3.29439626044821,-1.8175738689197538,-0.1835389514012379,-1.778373745476771,-0.17533544029170847,0.5859652611063505,-0.3551331288592966,0.6246844691259416,0.5456690231010419,-0.237277841948483,0.05488628525191791,-0.18061834873197993,-0.11998475281301701,-0.10935561423572558,0.11444229571494263,0.32890836071221335,0.030404403236985664,-0.020417951490298042,0.0
2014-02-01,3.1364025432211453,-1.970966687010498,-0.21327234341084594,-1.9768282394055394,-0.20215494534005207,0.16216854248325094,-0.2718681172495456,0.650798656672962,0.5577738924965436,-0.6134929214562703,-0.15261019256174285,-0.3199502718072649,0.1302125774534894,0.05347465690610802,0.16411090379166157,-0.15051424079676246,-0.02054145409711946,0.25954732156131916,4.0
2014-03-01,2.7986152302938208,-2.0816736410172068,-0.4447584159033595,-1.8599492746309787,-0.14110851107731717,0.4014065487839695,-0.04107094040580522,0.27225187441769527,0.39100018680095144,-0.6501755850856791,0.08079470985314785,-0.39807376475227896,0.611464348397129,-0.2658229334503903,0.3183648364548814,-0.22343551700425637,-0.5324788469656108,-0.030409167675682275,5.0
2014-04-01,2.7210135931212482,-2.112814268822776,-0.22935991551726514,-1.9185103134190309,0.011837206372340849,0.4293416087754713,-0.13874610968974213,0.3356164957857332,0.30035007801151525,-0.9087407686501158,0.10558976714862817,-0.3681213625352954,0.24460031016218592,-0.05449835566884933,0.2397284782486522,-0.3709242656768015,-0.20322095971869403,0.3178588489856392,2.0
2014-05-01,2.5729848982339125,-2.1093249907326714,-0.11043866257883575,-1.888535131157884,-0.05786236605774835,0.6078836495914538,0.02923966993476529,0.24930719157897832,0.10299466178699813,-0.8638673960500866,0.16857069109672243,-0.35923128029790186,-0.0626742634043907,0.0037024538981230907,0.10487309899284744,-0.27240830016158185,-0.23899111620121893,-0.04620005686873506,5.0
2014-06-01,2.52392450909411,-2.095592044125862,0.12513890820594753,-1.8310954800785797,-0.030207942140249633,0.6122856915244624,0.07946617489160064,0.24266568836971686,-0.017978091141501597,-0.8531876103189253,0.17035219341422728,-0.3903502186669911,-0.6158718051133677,0.37313138422822506,-0.06329341162081811,-0.2364565144210553,-0.08778929327394532,-0.30463250623926935,7.0
2014-07-01,2.32227609454907,-2.191525234248077,0.10207851301559605,-1.7378995436020337,0.03696362046598518,0.46639557489728845,-0.024456135095787174,0.17018419946517177,-0.23007860501574062,-1.0210511525255148,-0.07787691282670621,-0.07915589122472229,-0.2439514952413711,0.11204346066289093,-0.12443221612727418,-0.38241652350234745,-0.07846700151263349,0.09749701928155438,0.0
2014-08-01,2.0940412437328764,-2.221895173629892,0.03807628533781838,-1.582625007589788,0.154331401767192,0.42791129145705453,-0.16221264738670071,0.16740972672957516,-0.37960174302206245,-0.9928587362144787,-0.20977248786897792,0.09542908579245162,0.177090168045363,-0.001732488333401787,-0.11132085778621256,-0.25104332717608724,-0.18480698852184016,0.10225531026673484,3.0
2014-09-01,1.8992324868671913,-2.328593274944008,0.10023804617361018,-1.6591106627937355,0.12987026888072667,0.32661807921507885,-0.05046317595861083,0.20410797031249733,-0.45416815622745577,-0.9546262754652368,-0.29399373947963114,-0.0037366450316492494,0.2035020000408841,0.024640187450618828,-0.10129394220383142,-0.3447983951863622,-0.09549974947752105,0.038025052212538255,0.0
2014-10-01,1.7785432412679918,-2.4464395378731916,-0.0033270731462334974,-1.619650111227139,0.19059811198130538,0.101326136612163,0.043805529459109704,0.2891587249766887,-0.16343243044542927,-0.8030529963162996,-0.28240210766544477,0.0913680851724423,0.11196195251443025,-0.03887588472486844,-0.13084076955614993,-0.34772319142259733,0.055737901065091716,-0.15588351777970808,7.0
2014-11-01,1.7110281914642798,-2.559032505526112,-0.12474707078761815,-1.6155011470559555,0.25721479769498484,0.010790126422633661,0.2121851209663639,0.40079386273551293,0.17052216099211448,-0.7262106751683166,-0.32296822983981893,0.19149847734757708,-0.03497638661433401,0.041269644438301445,-0.20722701746686825,-0.19341631406678136,0.06736015616387496,-0.2851779007410701,10.0
2014-12-01,1.5545040518448794,-2.7839225318290803,-0.2034062212499129,-1.677214612792329,0.447785409469343,-0.09950862822755108,0.3447094727020775,0.42254136030337536,0.5394300712315759,-0.6824822480769477,-0.34001059871650163,0.4740283208963617,-0.23888198222261944,0.19391423195549137,-0.1804144538741016,0.0008617316065909625,0.24875180607413183,-0.16146297431391832,6.0
2015-01-01,1.3444460363598258,-2.8129793963947476,-0.16178231701399315,-1.5529278735217225,0.35350219659171556,-0.2527943578347371,0.49703533485709983,0.5037091620319474,0.3860943774124318,-0.5632288411917584,-0.37552484758802107,0.31156409712054445,-0.07284876191143286,0.19566369208019818,-0.18289018824519843,0.016917901975428057,-0.03188249425652868,-0.46077609368703276,5.0
2015-02-01,1.2221121137777482,-2.8989040436930527,0.07525374448819633,-1.6654257811218984,0.561549182867001,-0.5005826375722896,0.3557140741414709,0.7170634143294452,0.331086276309966,-0.5988082698510541,-0.6508245989857386,0.3662497551194577,0.0335652967139232,0.5803571384567143,-0.2919854287798999,0.043075451625995714,0.07391883289846378,0.0673880933471277,7.0
2015-03-01,1.014023731666826,-2.9505679088205494,0.009943259282370831,-1.3780878313084988,0.6135381177508233,-0.5044642667485161,0.5741455186141293,0.14687359506817105,-0.05504592010026463,-0.5427010952578318,-0.49998757907673863,0.5254728477189244,0.5396647595316394,-0.12865000724230416,-0.15296123861134667,-0.2938205019869111,-0.2826083419617331,0.23537373973815795,10.0
2015-04-01,0.954594014959268,-2.76836451682897,0.16895153523119144,-1.1260156619504862,0.4963074196519579,-0.3043003513126386,0.6655107005971759,0.08705715115824669,-0.3301296277951299,-0.3263220759339215,-0.3287685436245652,0.5318264942186932,0.21595619562227147,0.029651423464392555,-0.13640714541742135,-0.013505076005983302,-0.41667656325564617,-0.27109559707721337,11.0
2015-05-01,0.7487598549883224,-2.750872056433267,0.24957226542096234,-0.8123582440107411,0.5435070331931844,-0.16940025705895312,0.7343288125433757,-0.16260545043255223,-0.6710274937712184,-0.05747406899467191,-0.09049622526361073,0.4730043735524801,0.1144763276073372,-0.15181248535195235,-0.04445800837496319,0.03415582010495426,-0.48281407729342657,-0.5366758755073605,11.0
2015-06-01,0.7008589299311712,-2.666585732661449,0.7199696786772133,-0.684881422228345,0.5956261609209937,-0.16983014769307195,0.5918120067589316,-0.12363342150937259,-0.8494586865253719,-0.010157664989065444,0.019025376617308867,0.46241699312830364,-0.5608296924426713,0.3093481478123316,-0.06262300022243503,0.007208904606639366,0.045751299362832856,-0.4958334332458367,16.0
2015-07-01,0.47596168190445537,-2.6829313350482575,0.743135894523151,-0.4644295913300023,0.5836840227424928,-0.08495889403525905,0.6466868731584213,-0.42080787545677667,-1.0965535804576805,0.07148940346343305,0.1841669395441126,0.595100715385346,-0.3229880698005005,-0.0526424400169401,0.06777278830721302,-0.14543207220434287,0.06761256182520614,-0.44289919314780934,5.0
2015-08-01,0.3243042393249657,-2.663012022915154,0.8027526801889058,-0.21000181923377126,0.5787190708637631,-0.12049539113302057,0.6453679931600418,-0.3870372000146615,-1.2719213916200067,0.17107321666972727,0.18076494000811844,0.6902081182677969,-0.2264939997483143,-0.33066710969250185,0.10017767401851302,-0.07110899691854122,-0.04834357420596008,-0.41107488684239685,21.0
2015-09-01,0.17393145605986884,-2.684245605315441,0.9185476066564107,-0.26129824968254306,0.6316976520663061,-0.23910794906750993,0.6210158622082493,-0.13193315993404192,-1.1402311584390354,0.26664039242932286,0.09925081431159703,0.48656176235129467,-0.31672631492714204,-0.0589111288676815,0.02102895130618683,-0.03796054401029737,0.005423286556497042,-0.02818574666404145,10.0
2015-10-01,0.024768768698172183,-2.8284332697901284,0.7216451048817144,-0.22701637098161742,0.6219905690760124,-0.30164051929735514,0.9079339616185551,0.03847130841503521,-0.6871685455300942,0.5430030138183934,0.2074169209843208,0.33923722338633,-0.19097895276362953,-0.26719866728584496,-0.0017269291085723094,0.20714456750579127,-0.14822381243865385,-0.33721416767416323,7.0
2015-11-01,-0.03142725196325191,-3.035781001101897,0.5263641440549375,-0.19425340787364886,0.7375472931331566,-0.5954848837292849,0.9460156466803946,0.2486178270444383,-0.24027639358147768,0.6657830149035502,0.04173441169817421,0.3942969046307906,-0.07805897860666347,-0.3049808843175256,0.12927785110559464,0.2732507415866011,-0.0076663886048855545,0.08160213736540477,1.0
2015-12-01,-0.09023750284469986,-3.1433570847221346,0.5386803498672692,-0.30619280326520626,0.7872843335513571,-0.7692480802834509,1.1517791268506559,0.4044597538579593,0.24171842572034885,0.9153524732317612,0.2096712099603411,0.2755333679847095,-0.47408691163452144,0.08703861287797932,0.16155593575914065,0.42729054602741456,0.3015646767892249,0.08117853343874507,0.0
2016-01-01,-0.30783357834042724,-3.1521568010330094,0.38407615006045154,-0.30575261547820076,0.7222945699209145,-1.0542618543379385,1.11392901630856,0.4383895354299772,0.2077583119856819,0.9868989977421586,0.059784126209535715,-0.09691202588634121,0.04787414482947817,-0.004357176945075675,0.0018087198512807372,0.35156871575032633,0.1526384892535428,0.13963422161282552,0.0
2016-02-01,-0.303669507662692,-3.158654072676679,0.4862863441146471,-0.43296601170192156,0.7342385150432998,-1.267548246762376,0.9757482222714727,0.6674356252430781,0.36225138955178726,0.9984636662518072,-0.15149087405449438,-0.46825380122418214,-0.023184566635574676,0.5520671777165114,-0.11440479928390972,0.4217518224863822,0.2654048615203186,0.2781197684450084,0.0
2016-03-01,-0.5825503470034812,-3.1307942264097117,0.2948139441321646,-0.12821750820478706,0.7901840953354926,-1.041798293485221,0.8972716613667773,-0.0789001848707076,0.044867663366070024,0.9558781431724988,-0.09211183364453962,-0.47995540517252644,0.7958022375455007,-0.0982678647217039,0.18554185131647707,0.2753242526319944,-0.17252959529963163,0.28219274927497107,0.0
2016-04-01,-0.6738242938968382,-2.9723077816590915,0.5418449869785611,0.051354962686981864,0.7373977047320611,-0.9783423614320819,0.6126127450360255,-0.28116680704650887,-0.12012411792271452,0.8450991456718226,-0.04265527710250952,-0.41094603256094464,0.5805461692535266,-0.15680031820730664,0.12824188135184145,0.1059475835088978,0.016874534321835177,0.29114359057619144,1.0
2016-05-01,-0.7358336640699141,-2.858186174404772,0.8250232321539462,0.3745619029387304,0.7150871668143459,-0.7297439126071277,0.3990896896961583,-0.5235802049928988,-0.3253473391098529,0.6666338672474968,-0.0019603542610520386,-0.44686242506386825,0.2746678892879863,-0.26155543875709275,0.21008806965242344,-0.004257429641445662,-0.017611175881273602,0.2447815852548979,0.0
2016-06-01,-0.6748437154536091,-2.672103498789327,1.2330678564931103,0.4667274037645931,0.7385040245485466,-0.5596407405373697,0.13243751046597158,-0.6176409903030295,-0.4277484757579655,0.4801464776066597,0.04137958602612046,-0.42220729250900446,-0.28724008113636945,0.17681728830479537,0.09037573235555774,0.06739161633339315,0.2619869856810563,0.2266243606030997,0.0
2016-07-01,-0.7882146510726359,-2.6173075398592998,1.3832439879542004,0.662007951887901,0.7446154351905238,-0.41521066895630604,-0.065270677702121,-0.9278674627027721,-0.5518299503518873,0.28916875206372694,0.11906079720671225,-0.24505444708803986,-0.35219267851594505,0.019829019745487397,0.12427025809157421,-0.23190488598009198,0.316557044677083,0.5222837919109513,0.0
2016-08-01,-0.9682853250859276,-2.534560357738097,1.3318383438601575,0.9493928911173464,0.583027743942147,-0.3471633172028702,-0.24829172148428236,-1.1115002095498219,-0.6684598483696469,0.2811854198824556,0.09710710161231423,-0.12274323516202595,0.038116967127792695,-0.5568008181999629,0.15921332943329672,-0.13182921354211172,0.05005313279659287,0.17303950054770703,1.0
2016-09-01,-1.0352002204291448,-2.372409396227951,1.4978144022230166,0.8878531962429819,0.53661279033339,-0.36301613386774295,-0.337173665240058,-1.0370338230628477,-0.3970957545108389,0.21820832662277317,-0.004207012551670095,-0.4537284487500021,-0.1720283731257311,-0.2835218365515686,-0.007303521014176834,-0.3018082919259316,0.17797073941771466,0.047820883664541985,0.0
2016-10-01,-1.1495644383930623,-2.386293280585581,1.3503309760829116,0.975685805728841,0.5288191775307729,-0.44204639069633894,-0.5134774641755993,-0.8924896358553552,0.1271633129736338,0.1761849793619078,0.025110358361668014,-0.5441956586269538,-0.16540601825527504,-0.1499773399654038,-0.1651219943188434,-0.26927696936952367,0.31013254766824194,0.10094235740520881,0.0
2016-11-01,-1.1313435720994844,-2.388476362303307,1.3783994113578066,0.8975139637859438,0.4940805633889111,-0.5581410954111885,-0.547857608210519,-0.7382122726792927,0.7249591491955888,0.012793384539338086,-0.06541551136729859,-0.5796943442873144,-0.3992503689489406,-0.1367708662716837,-0.2940789171945528,-0.38630056679347285,0.5345190023970767,0.32751975583672394,0.0
2016-12-01,-1.2472016794230707,-2.402511610417272,1.2237957781489945,1.039833317508374,0.4837632764107658,-0.45321619262982876,-0.48586182802053013,-0.6635945466915684,1.3679283286042119,0.08600643963937274,0.03449338210436051,-0.7311284394473352,-0.4630136250672876,-0.19497591273116613,-0.18087418640127656,-0.11010186871494501,0.25029435331815975,-0.12324906652184078,0.0
2017-01-01,-1.3763101995423817,-2.2075719661800717,1.1528506107257592,1.0552610381061052,0.2033056729065305,-0.48437443430713323,-0.47751763950310777,-0.4001051221290094,1.3328767480173007,0.011790240430929147,-0.04528081737468606,-0.9689938987200861,-0.1428814908438629,-0.07399658832371034,-0.22835231978117754,-0.1328233137681214,-0.12486468023091252,-0.32037157574461206,1.0
2017-02-01,-1.4612994090324056,-2.1444970620864106,1.1969338097816955,1.0531656668666716,0.25605384635202516,-0.6270688619330205,-0.7162841787843496,-0.09210027889362937,1.3814963541305707,-0.026532850406894348,-0.26282602484119844,-1.007162994936916,0.04182640074894482,0.2890395181124242,-0.21970243136116602,-0.11760612132413528,-0.2299834406544302,-0.08305774756713008,0.0
2017-03-01,-1.5492956621418084,-1.9983815831793592,1.0968573102020929,1.216990610648949,0.20254741516553917,-0.39158067862160306,-0.6354765939980201,-0.47021031820986575,1.0510959276940723,-0.14838612045069463,-0.23702157031709759,-0.8295007632547508,0.5022530802271653,-0.05334613044904546,-0.17240012893741932,-0.2355976935983576,-0.4457145482150707,-0.11947376735964026,0.0
2017-04-01,-1.5306297997633498,-1.7636200880020692,1.23647108095191,1.4091236128140703,0.047079223284599694,-0.166252545899349,-0.6709031966950227,-0.4434252123017501,0.731362010679257,-0.2109535516564181,-0.08158495752994192,-0.6771866736910873,0.2801050699330634,-0.0015500748291107647,-0.3070829927887405,-0.1714298716801647,-0.34311355342144845,-0.28040965488625835,0.0
2017-05-01,-1.528015534322133,-1.647919560312683,1.3324856809605674,1.491669363060706,0.11305717483204855,0.007747054260850303,-0.7948393647236276,-0.5405945570899977,0.3763827157266151,-0.36918429938160285,0.01662005135208824,-0.1733954289102844,0.17310859618993096,0.1421676349191609,-0.4119894393026693,0.257249672189297,-0.4207388882142239,-0.01847780122204666,1.0
2017-06-01,-1.481297201014622,-1.4156853537210807,1.534144699898591,1.6473121938701005,0.10571281071211841,0.3035008484270619,-0.8430398360396902,-0.5466297042549753,0.10734463328472432,-0.44497027279477863,0.07816319115250937,0.04729982097514708,-0.30833618278048824,0.45055217002744946,-0.5129089255049525,0.5704559038795955,-0.4401601692879756,-0.10167034299197296,0.0
2017-07-01,-1.6216647976739809,-1.3064468302505476,1.4742692310432695,1.8628212184064274,0.047121839854456594,0.5257387677219159,-0.8719026122430173,-0.617898052356517,-0.1248557618816511,-0.4377195271249147,0.2574146404203423,0.4075862409927409,-0.3294193066857741,0.17976256324510137,-0.5231072317386911,0.8734560884711321,-0.7871003770724705,-0.3019295638535189,0.0
2017-08-01,-1.781559776291697,-1.1528627165394874,1.4126839572286496,1.9498216843383347,-0.06961071582334451,0.6002254819752433,-1.0837292246927666,-0.7793078622737275,-0.3776336818176419,-0.48113790497024955,0.3538611435383895,0.6900045955839378,-0.0009068226841355831,-0.12214685334973394,-0.39394400308164107,0.7469301923623488,-0.547156819690271,0.03406972463865554,1.0
2017-09-01,-2.0371631695376062,-1.176924366525603,1.322844101802069,1.9831083840418249,-0.1531820239027653,0.36093754023375035,-1.2231273359946626,-0.5255873782821874,-0.3883480656050343,-0.5760946250925636,0.2260461672290686,0.6787665035646786,0.18170715004485122,-0.07881743610990515,-0.04001086934220205,0.43396369594887224,-0.29384242287197,0.25361268609555504,0.0
2017-10-01,-2.111643859870528,-1.1335307118307707,1.0740773956302483,1.957108676583836,-0.27355195150792727,0.17228902990002304,-0.9960797351958042,-0.2863507209680413,-0.04564600877796954,-0.5019354869126795,0.3334373739338514,0.6724782308821504,0.09323987553494308,-0.06480125959638554,0.012376454414614602,0.10743578314271487,0.20181189770113206,-0.004148952424528438,4.0
2017-11-01,-2.1696576217533616,-1.1785818319451475,0.8920694989084338,1.882570974110401,-0.43063054829616204,-0.05786622149041796,-0.868095377463709,0.041267492741623724,0.30119263465620505,-0.4896285293171752,0.2638783783547587,0.9675972632101086,0.027458200294871924,-0.1023028538473626,0.054683638804705816,0.05747349343408331,0.5436158267779247,-0.005637543704252762,0.0
2017-12-01,-2.2930255712680854,-1.2473736147843493,0.7313502064240969,1.851164864409706,-0.40796511639507327,-0.14438870018554634,-0.6838158004847026,0.27418681434738035,0.6692380564711511,-0.37372089777938333,0.34568373713311307,1.1781585876759608,-0.23757817649226523,-0.011771454915688095,0.11298857340049487,-0.0956016234052861,0.847318986367634,-0.0987006272946932,2.0
2018-01-01,-2.5372456166130606,-1.231170031058898,0.4996931221952891,1.7978905941105168,-0.6038837713429518,-0.35542741213873275,-0.5619507093390245,0.3777359955484574,0.4279051905246678,-0.3443559221552411,0.19240784957389087,1.129776939531454,0.29424949768162934,-0.0073789350946701915,0.2046820699069176,-0.22945275152805758,0.7720388841901324,-0.11404600481171065,2.0
2018-02-01,-2.756465022131939,-1.2567890684782934,0.4205187505381675,1.7982458011177447,-0.5807435959581975,-0.4804669452266793,-0.504516058614914,0.6636019282907555,0.30466905033492875,-0.18122172549214802,0.06672267824444268,0.980845355441113,0.6661550421427946,0.13950820055402968,0.40721071533630804,-0.25730182337271484,0.49723957638816285,-0.31636680349958746,0.0
2018-03-01,-2.975725626815172,-1.1736563904230515,0.18223259359867516,1.8119130874506404,-0.690695174437407,-0.32366820357935666,-0.3599247756741688,0.6055154499263954,0.03222381570268086,-0.12334754599999535,0.05451885715681608,0.7081550204578919,0.9842177879644225,-0.031196042013315495,0.5567098560847497,-0.41185749514465797,0.12058321943061866,-0.21020519531366377,0.0
2018-04-01,-3.1299670871980414,-1.0279612154830575,0.1553830995548165,1.8822884476983317,-0.7612726708417179,-0.15180856873327409,-0.34003813899245683,0.766835595471786,-0.21463832574189698,0.029693929447309447,0.09766879289888003,0.4255208410988401,0.8385715102552994,0.1341711355959967,0.6381448819317836,-0.19546832054174318,-0.12174047071638296,-0.3637879943127291,0.0
2018-05-01,-3.209267042944019,-0.8343643454688572,0.2104798475696269,1.8335950394440432,-0.8141711512359487,0.10595277922893326,-0.14177792104241066,0.816735894001623,-0.32406991139238256,0.0509356947574984,0.23272980120913836,0.033741590657716564,0.41271996646455944,0.23711829228613993,0.5660582003327839,-0.27094659569538165,-0.16908870649765773,-0.3893050381687152,2.0
2018-06-01,-3.205215581310764,-0.7340454677340995,0.4078359994490287,1.6550191069983207,-0.8153989153381656,0.24674146421578474,-0.017711544841474705,0.9653395427568372,-0.4022965074444739,-0.0320565611969162,0.26079213713230576,-0.3187336780035158,-0.34464733504898976,0.7288049287009171,0.4992585428798568,-0.43440036302169005,0.07136748367495703,-0.17072918472974258,0.0
2018-07-01,-3.3267513484030546,-0.604138381538494,0.34326829503039225,1.5962755188559306,-0.8035181623157983,0.4493272695922061,-0.007319707327242381,1.1406005608030907,-0.4180844962631774,-0.007838689779994204,0.2935047837892858,-0.5562779212546066,-0.4607358204541974,0.8226359056533394,0.4547827157055768,-0.3740153859617634,-0.02112639756496329,0.044730435979479594,2.0
2018-08-01,-3.528168094720873,-0.5524660180276627,0.16202638515437084,1.5232307525689528,-0.7630253971867331,0.522052036153349,0.12709180214108756,1.0241865339753091,-0.482098676832303,0.036784876296156184,0.2893829652772338,-0.6572706142606173,-0.34029524450008114,0.6605002899945708,0.4122545677162429,-0.45309404956616295,-0.2173999433930615,0.2724773326004607,0.0
2018-09-01,-3.6866092063661613,-0.5272948695141734,0.08904091372140621,1.515861879872847,-0.8383806975693525,0.4975822747622696,0.14448560945306227,0.9930959476268006,-0.47876159906059695,-0.0911752164284209,0.16605820675861982,-0.5332413442522195,-0.25001086839984393,0.5939946212874506,0.5923696832406928,-0.3375201519342578,-0.20979800994285408,0.5044813417929359,1.0
2018-10-01,-3.7020451300620807,-0.4396212956800699,-0.21900270359035673,1.556233619289398,-0.932836119188578,0.5513241931629689,0.3841241441156348,1.0965301829249134,-0.18509656920587508,0.02938101269822946,0.2391955583022647,-0.41893522451656884,-0.2887532604624303,0.2502677301721297,0.4535608860707274,-0.08636210644571823,-0.2537078027606191,0.16507703983963018,0.0
2018-11-01,-3.7811524137016193,-0.4809820023624559,-0.42532297102258293,1.479263690343171,-0.8294394087817153,0.514436221629404,0.5836675937102713,1.05543974694773,0.0848311910376,0.13252745383921594,0.28227179543013176,-0.11024253550591498,-0.2225552450359668,0.09317689709430793,0.29912607769640465,0.15113245389602492,-0.1892408193794099,0.24451421439112608,0.0
2018-12-01,-3.825644956892195,-0.42260653315662133,-0.5806285790069939,1.4575331617581595,-0.6930614261160832,0.596619043030453,0.887079665609277,1.0571135815853023,0.5178569832189588,0.27929584882876324,0.37781994308133604,-0.007577318366724888,-0.5127136573672071,-0.013230600927019165,0.07440250722122212,0.38612843016410725,-0.09795028508692444,0.011766007502518189,0.0
2019-01-01,-3.9098801677595905,-0.3305483461340316,-0.6191171517372973,1.327100440616492,-0.7828956845702175,0.6342772105456038,0.8437703641231696,1.0689940753615823,0.4027008273221116,0.23021281248253342,0.20582611646777887,0.026250291868844207,-0.2018285369265022,-0.1264434175481553,-0.19970640777028564,0.4298497569567713,-0.1310781580120726,0.03237608108612472,0.0
2019-02-01,-3.923109969329862,-0.2622813190875445,-0.7033274069939323,1.261721556450522,-0.7924165783092354,0.323091364657868,0.6166332824749046,1.0522214842438864,0.23043178668994527,0.17329875298891392,-0.015876566349454113,0.03600268594575355,0.18186292658410613,-0.09780006814645331,-0.2199797876548847,0.399129940243062,-0.0342328853065641,0.19838525695207732,1.0
2019-03-01,-4.178325474952992,-0.3080569548000771,-0.8639393621590514,1.2763304346309947,-0.713673523623879,0.34723943483255904,0.5315061535084874,0.6098029150385773,-0.10053628081857419,0.2839917159090356,0.08324020897159129,-0.0225296081836839,0.665136725236787,-0.4587021594902097,-0.06750462604881048,0.13946585707279247,-0.24744950414678163,0.29605222002705955,1.0
2019-04-01,-4.257850458477892,-0.15043295243023713,-0.9457646095571475,1.1617413079537016,-0.6596832331211389,0.30365832228677647,0.42976669211412066,0.28488481385633685,-0.33617435639672455,0.2519069248144405,-0.03590845761268481,-0.045041077081411515,0.6315856967816466,-0.4270314846908645,-0.16284072292895913,-0.07369281081769537,-0.021408602612113786,0.37817634779988774,2.0
2019-05-01,-4.334382934863495,0.02032906779300797,-0.8804270991402723,1.0872327865762188,-0.7418976618160952,0.503375886855703,0.5797380941426621,0.03812744307258906,-0.5302652600727161,0.1512657333438185,-0.06795152041872209,-0.21200121618191778,0.2951901911173796,-0.47564046484952216,-0.2962845267171346,-0.16879209355926753,-0.034502367796090394,0.2295258939801262,3.0
2019-06-01,-4.340968057980968,0.17639414687305738,-0.6926302004160251,0.9913570120671178,-0.6267853279029945,0.611841239843851,0.4348161164152506,0.07942384326011429,-0.6846802512118334,0.1183433699492395,-0.11107713959874062,-0.25879151274182854,-0.20610880036865545,0.04218559928311569,-0.4592582269151221,0.03268702231107873,0.11146834597143725,0.2817324623098948,1.0
2019-07-01,-4.5223099661372785,0.27401482371349706,-0.6995938286370178,0.966788101638594,-0.6449788495981369,0.7373726359490521,0.3662650349080981,-0.0811750848493221,-0.6680865784400551,-0.01234067586215544,-0.2066560952433537,-0.25330614768130283,-0.22334678773804284,-0.14378426950540524,-0.4681746732715637,-0.20466489626414752,0.0808621837544228,0.4068770146078502,3.0
2019-08-01,-4.675603590310837,0.4114913196495932,-0.7952430207396891,0.9858030778140578,-0.6205029690627603,0.9210934504009668,0.4018647027831599,-0.2123302134143371,-0.6222097361066277,-0.0008051792737364671,-0.18521110719852985,-0.3023836503606058,-0.23670195369740987,-0.311650604080929,-0.5356899626935342,-0.0746458976435086,-0.1662399239694318,0.1803220988917992,3.0
2019-09-01,-4.8816111530944,0.449026253946332,-0.9005747212578088,0.9016938944243058,-0.6965356414926632,0.9378413111070714,0.4384324664975286,-0.09695176037243636,-0.5444477991200853,-0.07498951468429688,-0.31615923533392565,-0.2935706413402589,-0.2231060659854282,-0.3182605906655993,-0.48780053963537917,-0.03943835233436391,-0.31584182568633373,0.01952272511984096,1.0
2019-10-01,-5.014387311991402,0.44240308454793753,-1.2187571875524752,0.837250805126742,-0.6743729349251075,0.8850549483564548,0.6448122265603513,-0.07446752908265605,-0.11484978536465537,-0.11375544215392613,-0.33128376909100693,-0.14849546631825672,-0.27044448446420355,-0.5220833759152065,-0.5626791930793296,0.006830572446677785,-0.3425739419266415,-0.13529406023603346,3.0
2019-11-01,-5.12917765807096,0.4252267977827826,-1.4117736291506597,0.6257720568236071,-0.6670079866367654,0.7849316649924272,0.6557787764462295,-0.030770721192841577,0.3172910560324933,-0.16927762592187456,-0.3758946605478373,0.05570583528825319,-0.32709076922496166,-0.5547353775728919,-0.6715323907489943,0.0027491752349873555,0.030771931474288614,-0.028452836713715284,5.0
2019-12-01,-5.251380315551957,0.3928196847999227,-1.603309073708799,0.46846819677970336,-0.6814274625051382,0.7034700483511225,0.7906449506584734,0.09368711735043708,0.7278252865468734,-0.020500785882257844,-0.21906024235872837,0.08215140638738966,-0.655942155974905,-0.472192559008779,-0.8461336750267571,0.13640429166187112,0.2748462591906836,-0.4078984460954777,8.0
2020-01-01,-5.315574044780985,0.33689135414874705,-1.6923857639715516,0.35548380809676294,-0.5976260556413225,0.4994288790998372,0.6285273456925059,0.18298688565221272,0.5458614620099166,-0.058223624165960025,-0.3256042536081799,0.07002908013931128,-0.27434488855947325,-0.46763275857294917,-0.7935862029510208,-0.007032833020498064,0.2612529396225695,-0.20200907002469856,4.0
2020-02-01,-5.339431289688363,0.2980959035471886,-1.7345261203631237,0.23042994256473948,-0.4124093699361338,0.14751089904585346,0.3611023456856476,0.2809169709229795,0.5275484893419501,-0.10729304716408,-0.6755003938929198,0.1545306659477002,0.058040141493288615,-0.20513951395329943,-0.6336674102794637,-0.09885669151996956,0.4009522326740913,0.14770898365584773,4.0
2020-03-01,-5.4951955347606765,0.28891154971939137,-1.8786038035451365,0.25243216523350426,-0.21512180898483416,0.06068544615397575,0.29397088076802547,-0.24379794941360472,0.23576761347996672,0.007695813855987665,-0.6306245409553686,0.08845255070479374,0.5505683694772959,-0.2623151313235226,-0.2427589408955661,-0.12099068764674492,0.2705066883128982,0.08493506951341304,1.0
2020-04-01,-5.441005049504075,0.46094857826598973,-1.998307391952033,0.1972495919274882,-0.11506114517900502,-0.03979747765839181,0.15300492266382576,-0.4844071203323063,-0.05096948502682637,0.08695859018535063,-0.7651672036937657,0.029596183436747112,0.42084034607092075,0.07286595635269583,-0.07116031101313922,-0.03618454637808577,0.4140931165531953,-0.11161812631310242,3.0
2020-05-01,-5.439559580333602,0.5142351895158341,-1.9368496451638393,0.1738207398181224,0.06140022688599858,0.1386665314843677,0.07939789717168798,-0.7519625075493048,-0.3140590945682773,-0.024977205654693815,-0.7879721138368481,-0.09714070441060774,0.28464200475296486,0.32833978128582164,0.13330228779378436,-0.12508367297837358,0.33858574522422,0.022038326142464187,3.0
2020-06-01,-5.3796818668719455,0.633423660905155,-1.7855270238626635,0.10771416384694682,0.17147823376655005,0.21071091020107263,-0.07017756836949701,-0.7116079693783854,-0.5075277691182168,-0.08024029392061824,-0.8177323541678001,-0.25082725024300506,0.006781354654302782,0.657953597629436,0.1218055386469739,-0.08427694037668554,0.31208966435698804,-0.04210484597286325,1.0
2020-07-01,-5.533864870674851,0.7290539017924531,-1.7878478144792649,0.036306755908574406,0.25293222902746515,0.3014765940650517,-0.13035307656389383,-0.8612335772510209,-0.4407280679227901,-0.18734838521005687,-0.831359947191902,-0.26034043449689664,-0.011075988283567498,0.4232726921742054,0.25541005601350814,-0.2780995198929509,0.2177343626529976,0.10525902863787201,3.0
2020-08-01,-5.7534402496403985,0.7741038777561209,-1.844825104985545,0.07381877464960443,0.27997746729063216,0.3445701037055496,-0.25593611170421077,-0.8634924673782038,-0.4578746637828168,0.003985484336918199,-0.7435167641816103,-0.15322829223001513,0.08407837011733614,0.35685212684953505,0.448791959186461,0.17398999854565728,-0.0973594273980177,-0.17230499806698696,2.0
2020-09-01,-5.870692273289455,0.8040479191828421,-1.7967660264842213,-0.13670532698712257,0.3145842982019903,0.19259201354348976,-0.4120246081785102,-0.7713610938378799,-0.383271635031623,-0.05954995832345286,-0.7953797629759468,-0.027220691820172713,-0.10505213741998326,0.43801000645666743,0.4188138546942389,0.04948632518262186,0.12979467774855952,0.1788805271650926,1.0
2020-10-01,-5.978521885245581,0.8370513061996896,-2.0078141961853335,-0.11499273104436653,0.39362640760964374,0.13667008971905426,-0.34381367150084174,-0.7096837812850365,-0.05209121676076467,0.09819197135063146,-0.7554724982231017,0.06773192689799501,-0.07521020869546262,0.12710171957051491,0.4704843194625079,0.23480480387470076,0.05218129440846581,-0.11690615303553807,6.0
2020-11-01,-6.027888113888375,0.8361877009261667,-2.046720937371489,-0.35738015590571626,0.4243815657979651,-0.07183588440057659,-0.2603548871833524,-0.5864270808074435,0.3507274511091192,0.04135428296760062,-0.6477263258799411,0.17942616477639653,-0.23391044966534608,0.1383668341673412,0.4693052527700698,0.43131377643504887,0.18683047394193208,-0.10548065322344398,6.0
2020-12-01,-6.189538167818949,0.8231754100277425,-2.2158914713601807,-0.4154813249897829,0.6160971395276652,0.027213477532421537,-0.22431209713083392,-0.48334770105673397,0.7726526846748419,0.10987460086450715,-0.4772714743323143,0.3525202497931559,-0.30191549607424883,0.11319648311829678,0.51736021102583,0.6833837110970624,0.15492259364963126,-0.1134763824301348,0.0
2021-01-01,-6.308233060823712,0.8544347733723618,-2.1480546935608045,-0.5388133189266233,0.5186760668713374,-0.24660667571559447,-0.13976842201809334,-0.3183301082954731,0.6361716153085049,-0.06806117769829732,-0.36885710603094224,0.21794877439471144,0.04280244325805421,-0.13273986516254022,0.40225109432948636,0.4359558266194839,-0.035549091567671776,-0.13616274678727078,3.0
2021-02-01,-6.334167202336735,0.9237723122007041,-2.0350474872985576,-0.5987575717480106,0.6448486885825561,-0.5008343842561983,-0.3852247414349613,-0.03778043387366514,0.6196688380850985,-0.12288187778054215,-0.451679208041461,0.1630575141863082,0.2863049809433233,0.11485833915723814,0.383029860774305,0.436508964957845,0.0376871666887626,0.18090173900984577,2.0
2021-03-01,-6.423495890170317,1.0179770288810412,-1.8494161079748772,-0.6851402736479577,0.6607729167907531,-0.49314353688943174,-0.2063952456630932,-0.30877540629682004,0.3686989948984766,-0.1753655138859031,-0.10496907543132002,-0.060814254013836916,0.35289399654661324,-0.16332445982626154,0.351792256556574,-0.11555971727419734,-0.01905308886755715,0.19936495956323713,2.0
2021-04-01,-6.541304698845406,1.2772086928311561,-1.7471072720141025,-0.5060333473834997,0.5379897677410318,-0.4117641987856675,-0.1905696325547988,-0.21542207048035072,0.16370822011949196,-0.00547102727211643,0.02662086056764136,-0.28423306895537115,0.23469037660028896,-0.22528135579005426,0.33182417588396507,0.024865363656788153,-0.2488799679424427,-0.4238631586593478,4.0
2021-05-01,-6.695926555077708,1.3800989133752524,-1.6421025422696507,-0.5465622149054457,0.5315342902791068,-0.31416520865664843,-0.18687819918441761,-0.34310879278565776,-0.17630333258340242,-0.0011528632186730559,0.24969712785790782,-0.23972985924983858,0.13796155398910614,-0.09414460686073389,0.31285059494717726,0.1226947670255269,-0.35636050175735307,-0.49827395731168067,3.0
2021-06-01,-6.71030819842826,1.6111054636404316,-1.397975410457263,-0.6686826595528073,0.5375445921646571,-0.3972225292769013,-0.28673696595530734,-0.29997929567662224,-0.418828930312126,0.04016857590537304,0.37500202317301173,-0.2384480556373925,-0.21047322096893345,0.19927292667856378,0.2346667991839721,0.08594864446526801,-0.23201437594628357,-0.507814369192907,4.0
2021-07-01,-6.77420228690872,1.7785432108505483,-1.2007540238377359,-0.8249062399093872,0.7031229717322108,-0.44643876426934115,-0.3702348789777563,-0.47611000462172803,-0.450057695848613,-0.04938974587214344,0.6181548909583008,-0.19166987201355173,-0.45044727271808827,0.3300261173415478,0.13678148991779246,-0.24080927546401176,-0.034045403149587095,-0.12213220370590294,2.0
2021-08-01,-6.856891314066206,1.8828609838240382,-1.0974641981775655,-0.7909747736466846,0.7115304260186479,-0.4807231165442501,-0.4328802894314856,-0.4396163478033409,-0.424010941274095,-0.09932579128988546,0.7334989458683492,-0.1830880339130363,-0.5565444309981008,0.26348358380928844,0.17456817331181843,-0.3264420826253439,-0.0881394520072435,-0.08633499338094194,2.0
2021-09-01,-7.035051265190406,1.9258512643184564,-1.1342082325982474,-0.9144368400024131,0.7228590330350285,-0.5855420030378979,-0.5201675309977343,-0.2822802969609422,-0.5027936723592009,-0.12921068268909447,0.8113726363915857,-0.04833964415680675,-0.3692156342242166,0.13196011331290952,0.17414932454843302,-0.2343897379130709,-0.1221086953011597,0.1111338554508268,3.0
2021-10-01,-7.174914635839008,1.9967641637810472,-1.171127947146114,-0.9572218013947511,0.7402150977309401,-0.6299273361348552,-0.34932929957464787,-0.1115747101969819,-0.24276136298257986,0.004237781478840658,1.0955057246852045,-0.0007900630324423827,-0.3659988173575583,-0.10599862514654035,0.034129274402478295,-0.20199475290929259,-0.1689054174390966,-0.1082230865464667,9.0
2021-11-01,-7.270914125047396,2.03532041672244,-1.1696407104032787,-1.0115882203148967,0.7933640895831056,-0.724868055051691,-0.3164638812884082,0.028329936860516602,0.07571194464777214,-0.04953733499961539,1.2537701480114514,0.19324310516874604,-0.3237929074594066,-0.36549935190081323,-0.044403612034581985,-0.21529022865987024,-0.07945975210949634,0.14206829139105934,6.0
2021-12-01,-7.390589095489128,2.071491019340241,-1.1692050724766614,-1.0741004013538753,0.8419187625694765,-0.7001371526388065,-0.16956301777989163,0.3056873094946153,0.3806046382502609,0.07879939810731895,1.5265350777814854,0.2938544523782377,-0.5508189659258919,-0.4625725581760577,-0.18265508137745837,-0.10160986182551718,-0.06946378545494868,-0.016561558656164137,7.0
2022-01-01,-7.375011021776456,2.2288096271303894,-0.7740129675241926,-1.113846153588825,0.7518885134337047,-0.891100217103852,-0.20842676762643733,0.5258096975130236,0.3626304281346666,-0.02962574691424913,1.4682655281244115,0.15161181445698488,-0.17412980418170754,-0.2794367446630108,-0.4565343396444925,-0.09307904415156709,-0.1036403743678306,0.16355171011325886,
2022-02-01,-7.244689162011584,2.2772036506290174,-0.36180532058487747,-1.2520991296594697,0.46081862461812606,-1.1441050576724012,-0.16359160796508482,0.6607916861556888,0.20481081840817594,-0.18012570053702145,1.0366351732151982,0.028264324577192294,0.22939115512597583,-0.2640699847020721,-0.44559391370625556,-0.2721103454723358,-0.07149536826190618,0.2522058952372591,
2022-03-01,-7.054881090423264,2.5436069262153485,0.3133048554951192,-1.2028143596187573,0.5040529984084863,-0.8713692884620274,-0.29391510114662234,0.48478010881794087,0.01059771421140674,-0.028298181389305288,0.9205653398363932,0.016724034545859003,0.6869535892911025,-0.15665205440089558,-0.2563519115891522,0.024995195031523143,-0.25299727139133305,0.26923236265942285,
2022-04-01,-6.707210689745586,3.1856757983009687,1.4581601817066432,-1.3351629645405907,0.46016341578451464,-0.7832654806359614,-0.5136486106938197,0.7618122582495562,-0.22506629123807137,-0.08950402860108234,0.22394077616168273,-0.016187664365781985,0.7651044342452453,0.3675180293148495,-0.4903586163156527,0.26095319823055274,0.24708812931933594,0.38882908722193904,
2022-05-01,-6.470499044214316,3.6854835120907974,2.3784878166773153,-1.508922827130072,0.4152410512818724,-0.5924142940677083,-0.3941172745211091,0.7768494817085533,-0.47346850400926127,-0.07227184874903336,-0.14800450014742556,-0.0498932076073052,0.7652928305248505,0.6773535345343182,-0.7258505988640859,0.524302802117725,0.4485351897355839,0.265247787024551,
2022-06-01,-6.30130191855052,4.088565963494515,3.1483081540882885,-1.5043799953766253,0.25923264293087284,-0.1947264060151367,-0.028609976568865138,0.545740819105724,-0.7899917333240314,-0.01136955277098356,-0.44545518670030415,-0.22633239043753542,0.8535222310190044,0.6596052722176153,-0.6556484120690249,0.5669838537075685,0.3386160918031963,-0.14129987857579998,
2022-07-01,-6.304777814582246,4.20544227065384,3.587640079801728,-1.2548872366665906,0.0037177917551617506,0.3351638661479625,0.07633114550789148,0.32679009890194166,-0.6068203759492387,0.12993049564036224,-0.4019711992885701,-0.2233470355802592,0.3028462279631765,0.5122107437528847,-0.45859440152156405,0.1956062221913154,0.21236731699110872,-0.29878030419347756,
2022-08-01,-6.363220188102676,4.332970626345337,3.924341688876894,-1.018031499202528,0.03461670127387615,0.7364533605772299,0.04969068242266059,-0.03827241297059586,-0.26205465761450836,0.09522277025228242,-0.5214705920095553,-0.11211160322665238,0.22900292627917634,0.11036103897384342,-0.12320656058761337,0.022221968963134907,0.008682223885836993,-0.09620151118198456,
2022-09-01,-6.638164601700862,4.076909051931459,3.918494329324303,-1.013377943223903,-0.22372754008411022,0.8111342771981671,0.33338810904300636,-0.2392163089718589,0.042346721461978834,0.06957531749052404,-0.4801322375093041,-0.05259628538453155,-0.04047494077493437,-0.11400980743304778,0.15780433878831768,-0.26190496654735707,-0.21180829561137987,-0.04971499321715239,
2022-10-01,-6.723158375294161,3.9021907207756414,3.9734578195299957,-1.147884017872224,-0.34091108343677407,0.8592853980795279,0.685953589438102,-0.3474173054153033,0.5269455701192725,0.11335793028956997,-0.45497063953197286,0.1292870344044718,-0.3126593980993171,-0.364302489120353,0.5125681616162174,-0.3865763664377304,-0.3198664934732207,-0.023404512295969182,
2022-11-01,-6.8028939999630165,3.7840393693598617,4.029615917408115,-1.2651282509373571,-0.46807755874931795,0.6828684632618831,0.8084018665746845,-0.28797821741164364,0.9422472257702043,0.34460711340845607,-0.49998511823470876,0.39661750090367565,-0.5510064465259116,-0.4719397703904053,0.7119970664973299,-0.2913994305422392,-0.15590634018470387,-0.125937916792506,
2022-12-01,-6.954332990816928,3.5927962541181766,4.061144713854405,-1.3297080113085467,-0.4811967788241663,0.5205919270323557,0.7874076546295796,-0.34557570476095767,1.3007671626850554,0.48781376830768614,-0.4697002538106267,0.6945765696676902,-0.547084897856259,-0.6550802662917612,0.882874843154561,-0.4107509549384347,-0.04504421723341706,0.11465202883744552,
