Unnamed: 0,0,1,2,3,4,5,6,7,8,9,10,11,12,13,14,15,16,17,incidents per month
2010-03-01,11.822745527147072,4.184897891980657,1.8189064104386021,2.3446130379970658,-2.0807133309814585,0.5897771617296336,0.20115898643091568,0.2990727717222411,2.0869713374042598,-1.069636520002199,1.5191276893027008,-0.7970681924640308,0.44387850542977336,-0.4639228210517006,-0.6244403406019781,0.5596968667670341,-0.3594094842912687,-0.37747958519444413,0
2010-04-01,11.576864016779732,3.932472036779112,1.7306594937088837,2.3296406139247003,-1.9808656089208532,0.7679914070727492,0.08436226045986162,0.4664329837129857,1.8057058767730694,-0.8671485730388374,1.1188414758353207,-0.7579705845539775,0.16861587746549345,-0.21213620471640973,-0.4828487978032476,0.5606807350168337,-0.26975122829843257,-0.22601144689346755,0
2010-05-01,11.497199380356815,3.8428236448774284,1.5754840530515737,2.4268256728368254,-1.7770079371921317,0.8882397946432014,0.03394087393965328,0.5501291304810926,1.475810117931026,-0.6300078426023777,0.861994175261686,-0.3066673262432735,-0.28281652671847757,0.01765103712890881,-0.15389992963937493,0.2528845094651647,-0.18714161976831717,-0.23471203883136127,1
2010-06-01,11.512855359141057,3.8227625122098465,1.458541048851429,2.509845731201854,-1.4708423063228975,1.0181483435972531,-0.03883114479421024,0.5340239793587306,1.1339940507212294,-0.38300096333613276,0.48305763413492686,0.0073888039343068534,-0.7850865733992307,0.5768101158557605,0.15977493076505214,0.026903586098951188,-0.30372699633330086,-0.34839772022329973,2
2010-07-01,11.145196372638607,3.502051679457193,1.4975259559359109,2.41355284647185,-1.6322619938221605,0.9947258769478597,-0.0965536233768276,0.5575934827570351,0.6345159980427757,-0.09884949222601339,0.4769558447802855,0.25262726421448983,-0.33254836384077086,0.026778240915662554,0.41048917702143883,-0.23327283470970742,-0.08731410240590143,0.03774498510100299,0
2010-08-01,11.02043532461635,3.3458731939142803,1.4947328799154027,2.387273626627728,-1.578588428449125,0.9341079690162206,-0.21332971883880192,0.27269922345953224,0.18255640118284922,0.11318197970521335,0.32468465769623095,0.4987398465638997,-0.14678170507409233,-0.5564877129698363,0.4304189242213805,-0.32806299773431463,0.7383620885207343,0.09653159527450264,1
2010-09-01,10.96738201684195,3.3175390515521244,1.4075012780474223,2.3103847350552527,-1.3224618711378358,0.8367132600821453,-0.26727465744768464,-0.0694476830789097,-0.09287910525293608,0.4204120504032625,-0.013021436753471338,0.49055196748931695,-0.5059826226560841,-0.25502102431494467,0.35718755412874764,-0.1701358060285846,0.716576057289274,0.4755322342688915,0
2010-10-01,10.805939944220375,3.0592159311247795,1.2967281207668409,2.0140426442692863,-1.2253205713417523,1.1460959266476032,-0.44431911652671574,-0.18403944770348146,-0.46463343911414773,0.5135150787563367,-0.3407143387326839,0.6215876522848057,-0.29112577952291735,-0.10542811852456016,0.31108230364723904,-0.4621233005541391,0.5129151258416833,0.333993640293147,0
2010-11-01,10.711172998844383,2.967498693738038,1.3371281895794676,1.7616676835038187,-0.7971394325550276,1.207479291771469,-0.46393348910393495,-0.6473440471261884,-1.0616384964291241,0.9331815149116416,-0.4939989313172509,0.5012366842323174,-0.07746430501158696,-0.0403422549410795,0.21708060507253588,-0.5307065214223878,0.44891034128192187,0.4622056635203323,0
2010-12-01,10.710218853828412,2.8858315422985297,1.1515592146947768,1.4783239691561,-0.3332178251629496,1.3882834689199495,-0.6018596756723167,-0.94359691478314,-1.3461764631013395,0.9638023749509768,-1.030476495350552,0.6512404023303363,-0.12915840465237124,0.19242912264609718,0.3874731396104988,-0.5313693157609221,-0.07272331285840483,-0.03221746767562017,2
2011-01-01,10.533259985296608,2.8873908158580326,1.072142208413273,0.7319934732953254,0.15416399238615203,0.8513386898633669,-0.6286092016657538,-0.9828457845088999,-1.3373226618945147,1.0268072379701942,-1.1839047485106353,0.12035024265556055,0.1942725262035368,0.22855590796657782,-0.14790373519921496,-0.03719045177533417,-0.5519769410942295,-0.09847712050413263,4
2011-02-01,10.585449488465434,2.839715177545707,0.9626989628898053,0.6562466438240355,0.4545546804461776,0.5329215926598687,-0.6132244524473537,-1.3566604981829768,-1.482073056616901,1.0322214342443443,-1.1396451538544874,-0.09857485906549374,-0.42399059920908955,0.22370986614447919,-0.19100844526262517,0.3557112443736592,0.021177683433617922,0.17767639606123264,3
2011-03-01,10.323591941867118,2.716620637409194,1.0342601716804587,0.3620773617236697,0.35819959436918186,0.24938291186487566,-0.5930407188908876,-0.7175223505272167,-1.3036349191902643,0.5106196032061501,-0.9731053061256018,-0.21778935691463203,0.5543450726034002,-0.6641255002406085,-0.35203508955192564,0.03419111740916355,-0.2959116642369233,-0.17421425858720427,3
2011-04-01,10.244791566173271,2.7452803939458956,1.1839799687723516,0.08749199677846181,0.7072661788766177,-0.1227116740205711,-0.45663075730674685,-0.34152317664174714,-1.3271423385135912,0.24047251793060673,-1.078315603829945,-0.5226770763346882,0.665905510553921,-0.5597314526205199,-0.4701860858017277,0.37787061046203596,-0.4954435366645138,-0.16383864835466624,1
2011-05-01,10.258330862296319,2.79228979762506,0.8681044227471679,-0.047696488036085116,0.9661462835256054,-0.5407275376095548,-0.3456911358241852,0.09195215961962988,-1.105193089247424,0.05396992922700877,-0.922627027874604,-0.30752507247251454,0.4098522572012899,-0.04089395367963289,-0.21657415545342681,0.2582052590570548,-0.3678425699330494,-0.33152363495966375,1
2011-06-01,10.265620333364227,2.8593043904738544,0.7704786811468993,-0.08800380758674886,1.3965832977076744,-0.7970809306348752,-0.24944152599348857,0.43381645323083023,-0.8917508188025303,-0.3057133258265785,-0.9636899864135602,-0.3102235298634398,-0.011629036402211052,0.6083122110375214,-0.12110820264130884,0.3352583098309433,-0.6016842239432392,-0.47219900937569137,2
2011-07-01,9.980037754239627,2.6778401922751742,0.6315975212377827,-0.301637133829202,1.3739837167831643,-1.1226449297770558,-0.07951339716602857,0.7787687967177139,-0.9524442766220695,-0.5406675951136606,-0.6779174896105178,-0.17474321099612627,0.48208436191854204,0.2121589147162518,0.010851513301646604,0.21038308898899177,-0.2302805208261508,-0.3526230438071896,0
2011-08-01,9.730084874259303,2.6026177038209894,0.7063932657325611,-0.5037918703989189,1.428551736052264,-1.479505657337114,-0.013444847848392505,0.9790515558817048,-0.8637510578399586,-0.8354576326575476,-0.4681163475732615,-0.33714591263333005,0.9863887342799161,-0.11139853642830513,-0.1455612972171083,0.3204298666836897,0.09246051957994239,-0.11226781550740678,2
2011-09-01,9.580513430011097,2.4505412351271256,0.5769724123781376,-0.7585400866985641,1.4659428763057598,-1.5130796059848404,-0.07383602993762173,0.6957134039868046,-0.6516728370961862,-0.8844650489877575,-0.40238050970050676,-0.3530034559548217,0.19385330527471706,0.2883439535580013,0.009235738457575138,0.4268727044139469,0.4782948013599771,0.0015410018483150711,3
2011-10-01,9.216346077109991,2.0989929821200835,0.5437076706296532,-1.140925554469053,1.323845056734115,-1.415772961777594,-0.13184536455866736,0.5429202146855299,-0.348248887862039,-1.2174648415437848,-0.06173539554042212,-0.3055147987184436,0.5308406856584859,0.08709246070267564,-0.010895461379460264,0.052731318154052714,0.3546965507687332,0.03137883929069535,4
2011-11-01,8.990162160319272,1.8148178285474938,0.46996122515719996,-1.359874248058829,1.4465208092017257,-1.5001599459201258,-0.22177586887236278,0.028519923451763907,-0.020033521241071675,-1.1846978522533758,0.25865212123967707,-0.32655700059910975,0.16786835797633914,0.20757222493776975,0.2188640342876774,0.03581609959064079,0.5110554456817057,0.37249974300067673,1
2011-12-01,8.741300647982836,1.6570394465843075,0.33939540845624383,-1.7363162647443457,1.5450597556367325,-1.2993533538245332,-0.3943877826269405,-0.17439318609753507,0.3166355115900205,-1.2961933238837553,0.422553510226842,-0.05428485474573366,-0.08547626922327389,0.6254520310372829,0.625254953002625,-0.13897286339924214,0.09868827768703603,0.26629357567378964,1
2012-01-01,8.36085578183609,1.2443256051459404,0.22884657733612884,-1.8993823947814685,1.3621637027557278,-1.1772117153476733,-0.25415627736465907,-0.3923434258820695,0.4500734353095547,-1.0516910319425685,0.5219599331060758,-0.11750222492326048,-0.21292405028298764,0.35432467774474125,0.636146784976044,-0.13942166865510042,-0.02402537685270173,0.4550282175236847,0
2012-02-01,8.350415441113704,1.0738593678019765,0.08350131039696274,-2.129682718821583,1.136574120091489,-0.9598841589383748,-0.2542205844906739,-0.8546070686605416,0.3145908091451145,-0.7299646181344944,0.5655452843545006,-0.15069534333085727,-0.8920800695247417,0.21160523810807758,0.4038873454657154,-0.2087610896226343,0.6685848143953887,0.5268927938630676,4
2012-03-01,7.9282933086208125,0.8287332447490607,0.17426192722367484,-2.304910632613295,0.9401213405707136,-0.9992439770588198,-0.12156328262881616,-0.4192842785444526,0.3435912336558115,-0.8461804455841306,0.6106003749638049,-0.14121985384372743,0.13266549671712038,-0.6433063522370689,0.08804912694630763,-0.46940160700412437,-0.1729235040312161,0.4260608560575859,0
2012-04-01,7.728904037226585,0.7631499789491498,-0.14133344109915003,-2.2385929654520305,0.9669060317261297,-1.0107945684540762,-0.07125200801871029,-0.33619679656995627,0.5338923055907999,-0.4870301664257311,0.6198304200859167,0.15569792045289943,-0.28372429356160195,-0.33254627517592816,0.24593441094686497,-0.5813519453623708,0.12605170671726784,0.49871883948031237,0
2012-05-01,7.540580941852963,0.652421117855717,-0.3043306796810608,-2.1203985027612493,0.966149584541513,-0.8989681637929925,0.16022900327216127,-0.05091348075236657,0.6082735063674428,-0.301168391207142,0.5594401656563781,0.3874522854929206,-0.3579227465701953,-0.19461401046577467,0.24722006715625644,-0.7377390903931839,-0.15237445969479063,0.023939515510688236,2
2012-06-01,7.501198238962935,0.6341593415246581,-0.488558079194683,-2.0224451420148464,1.0149575661534014,-0.7086849845747407,0.2946813163445049,0.16814932187924247,0.7694517209015292,0.06742532949568437,0.32121965666927665,0.4917517472278735,-0.8205952894484203,0.48211511660424927,0.09296931832968419,-0.644518929711993,-0.5223844195565029,-0.27174411561075734,1
2012-07-01,7.1863835979241895,0.4221240334886704,-0.6296369197952727,-1.9709935626221617,0.7537249057299342,-0.8404224340485529,0.35925869952075273,0.13164580233271056,0.7183342261682881,0.334752582482701,0.33543062472779794,0.6291287986497845,-0.2997251060457979,-0.10579555607244223,-0.0193548377826053,-0.5001019914836692,-0.08879791764249106,-0.3193868386476906,1
2012-08-01,6.971957216524631,0.2750441240427461,-0.6067826939208538,-1.987739003585912,0.5509340256622202,-0.945690401631781,0.34547238019127474,0.055484579624219044,0.5900552155164984,0.666526253387768,0.2614374028326806,0.6381044411357215,-0.05430058355022345,-0.6341264100178167,-0.3470611189421496,-0.1444298855180277,0.1609841741593122,-0.1363966001106774,2
2012-09-01,6.853394356094391,0.085626346792611,-0.7431168600934459,-2.0305720191582193,0.5339760068490184,-0.709585335706255,0.4102132565373662,-0.13441377272381083,0.4116086032350359,0.9998114679415809,0.24375141101201406,0.5249691495839424,-0.36143421268518416,-0.3199259042085259,-0.49327292166891196,-0.20164640216449764,0.26424588792650927,-0.18759152876518226,2
2012-10-01,6.570211985969461,-0.1258153262419956,-0.8970168594313044,-2.0539606617339574,0.22406452015407916,-0.6552854774152982,0.38048894126430155,-0.4172253506407124,0.5878455678987494,1.0176408288319718,0.3218266202063284,0.594003097683862,-0.03461000272533852,-0.35270621363105886,-0.46286773974115925,-0.20647630050476254,0.08331397027814846,-0.21558633075258676,0
2012-11-01,6.390372008123535,-0.3283860303654902,-0.9967951546264632,-2.0896246604354194,0.06483930955514297,-0.3648735813974293,0.2460867489146688,-0.8051191770211963,0.6676869003882346,1.1661880156346796,0.34379514148172,0.6826468536717683,0.06716973933869985,-0.31619191822678805,-0.5976444822544577,-0.006791141032995828,0.052845772025161664,-0.15067677734429077,1
2012-12-01,6.216514898152448,-0.5429777242347983,-1.207237809543555,-2.2448982650046916,-0.027284112224985307,-0.0838387956274759,0.056997733341616896,-0.9423427095671205,0.9587226218486623,1.2403144382461675,0.2782218103078685,0.7150362683281806,-0.09690335871356369,0.45571635207066913,-0.6030391089962238,0.18649944625895212,-0.4368995976830309,-0.1970642520016773,0
2013-01-01,5.92530422355145,-0.9526013342370308,-1.4375195337063222,-2.1920531527631715,-0.15000605202151712,0.095086454409473,0.3557304166606803,-0.9930930613321356,0.9105820596380486,1.117322668019268,0.29563632423656033,0.43672439253895595,-0.12603429700168398,0.30579353382399405,-0.5460939140097991,0.4368810556404421,-0.35713078453771063,-0.06314074969283483,1
2013-02-01,5.873108312499481,-1.0482009337316847,-1.7429109245080887,-2.2377100412961397,-0.05112174802965866,0.22965057222234736,0.3150001829104456,-1.4452446006573612,0.6100378842870782,1.371410254212159,0.29894205371613747,0.17527197578779746,-0.7553262025778743,0.5114062449732706,-0.6019247015128499,0.8680928282682323,0.4493904400490815,0.2772487558182689,0
2013-03-01,5.5693913883378245,-1.2318780967752991,-1.6393458282463547,-2.113468892762011,-0.4280729331543661,0.25543336305073794,0.5840002993771106,-0.7455359680410913,0.6288589147857436,1.0826770445428797,0.45731109052626767,0.03931270321015783,0.4604328771647111,-0.4162587567577991,-0.49959937013625544,0.2884218646897038,0.170917699936336,0.12995553798936343,0
2013-04-01,5.3750287948961875,-1.1937327891149594,-1.53029880507942,-1.837236698108449,-0.4547316717346259,0.37131883876560856,0.7818057760748742,-0.2593247579451996,0.6929506869694713,1.1593468566092353,0.08663704445873832,-0.25311610159788983,0.7657460379722729,-0.1207978291993913,-0.42074927129052486,0.2703522490512473,-0.1767468456009007,0.24592039388829487,1
2013-05-01,5.303270349044769,-1.4326484959862924,-1.6022876521367817,-1.5564649990130976,-0.32201914914615376,0.5917402420952218,0.9830438463330466,0.43695277480596195,0.49289530176945995,0.8846473551195351,-0.21244693957142985,-0.20925655203341703,0.6702407899852608,-0.08223621257777405,-0.04447960158690316,-0.03881842764169774,-0.17695832443328546,-0.2303100973289015,1
2013-06-01,5.241715009185918,-1.416016931440109,-1.8585983536507262,-1.3587015438993164,-0.19676531656735702,0.6738909607918452,1.0833595783044405,0.9577241624480101,0.6830708334503851,0.8859006307065566,-0.5292446789669122,-0.262381939001207,0.1756599900235647,0.6926902157592615,0.28062671754237833,-0.11770727133173524,-0.18072638120026357,-0.3068028451245407,0
2013-07-01,4.950473348170167,-1.6178243415459013,-1.898590822325703,-1.114388026665211,-0.263351930637115,0.7228710958455431,1.2134222633037322,1.399116321628433,0.5803570803773823,0.6600709680828458,-0.6633461688765849,-0.25861029898130045,0.7990662826485762,0.30942283976176566,0.44471057944919723,-0.3128910692124369,-0.12511305722692945,-0.4443762227213045,0
2013-08-01,4.6936444919614955,-1.7124619095761013,-1.8708484608951814,-0.9295679887098711,-0.426239543574317,0.8417034976543961,1.3045849547249755,1.604582100605796,0.5229991727645937,0.5381275116164151,-0.783568156166398,-0.390727480575254,1.2329411139543431,0.025235181432443035,0.438101535737918,-0.08880976778320408,0.4482590436171249,-0.11068581150029894,1
2013-09-01,4.487477724297777,-1.9071911625885842,-1.993993066559374,-0.9584619807238919,-0.324590344658954,1.0143614079214704,1.13273149796047,1.2880834933525542,0.2217792239380193,0.349663449475376,-0.7999470716579544,-0.5129615258806614,0.49388634517225205,0.36961261264491685,0.4167204242974233,0.11408944722571988,0.6591733746391459,0.016396337662534732,1
2013-10-01,4.1342167537306445,-2.184690661270106,-1.9246251187703287,-1.0417861530665524,-0.5566599706517488,1.164932524430995,1.003462174310379,0.9081869062192862,0.1077104928925878,-0.20458499455715662,-0.6697275557020426,-0.5718564558249712,0.6768023266661989,0.2493723900081755,0.3613979665214755,0.12953787687715423,0.14103878171436046,-0.040311449116879006,3
2013-11-01,3.93479501875789,-2.465626226969681,-2.0010450492287726,-1.1164103332755495,-0.5316040190638028,1.332855298426148,0.7160110594494731,0.1971887086406383,-0.14794887626580935,-0.24077272818704182,-0.443997381154704,-0.517414799063822,0.36177342511240806,0.2568884341559647,0.47788986199968825,0.21901919934863973,0.2373146798213632,0.2919245140422262,1
2013-12-01,3.700914738716109,-2.632321183309133,-2.2097663364535505,-1.1862882636569436,-0.4972878524052038,1.5701613645452484,0.5171755554173432,-0.25513899001335183,-0.1454975609749969,-0.6087446677153944,-0.4327345830808071,-0.23431660913948216,-0.13780661761549537,0.6416774496350898,0.8917118427216079,0.13875108958243254,-0.5191306167763986,0.15419836970615688,3
2014-01-01,3.254481966586005,-2.831531538359836,-2.1250665767251946,-1.2775213455249537,-0.633617001908148,1.3115563532830408,0.41971891140299156,-0.7488209910641267,-0.4475816745275586,-0.5892062452890137,-0.28581998792396085,-0.33158291006357077,-0.3459081516822342,0.0854064432211836,0.7828368880127345,0.4240605912345097,-0.573281308076998,0.6355399189909948,0
2014-02-01,3.187594608710795,-2.896021616185802,-2.3692422885161193,-1.275292595816947,-0.5214292391424971,1.1934982732747126,0.22227212611904434,-1.3225707040863284,-0.6406970338157874,-0.7931891900813268,-0.14496331006740407,-0.49415140926775164,-1.1894488465067772,-0.15039885542885717,0.5811424624867636,0.8097905625681324,-0.17549943117046324,0.8635954940394212,4
2014-03-01,2.6920591110650456,-3.0073848927399776,-2.17649012856488,-1.1936487382669567,-0.8693881827694742,1.0949071024065125,0.18641820654084473,-0.5071550754999866,-0.6569191799636314,-1.0155213435416846,0.17769572415266344,-0.7658269820695366,-0.014235522740258195,-1.0331226074293167,0.0336918815398948,0.38728429788633795,-0.5410224898795045,0.5686687888617201,5
2014-04-01,2.5836359165667395,-2.9690638424441986,-2.2129379245244105,-0.8188736567943715,-0.8053163663471461,1.0609477949520394,0.1530158861460842,-0.15951116046562153,-0.7904590028210753,-0.9753804512436366,0.15636111479350479,-0.5699720553763992,-0.22359092880479603,-0.6297346621610065,0.13602300075505813,0.1082528179434129,-0.10472912840548354,0.34008759625591495,2
2014-05-01,2.4044059372929736,-2.9439830117310737,-2.3087207077516005,-0.5194304424230409,-0.6504785111273294,0.8791774911147588,0.06989502981887044,0.5035087546512343,-0.6252091363484049,-0.9706463726915695,0.15331491136805664,-0.4126473281176897,-0.1488586182532805,-0.36641706277193203,-0.01045640368905619,-0.20172724577645687,-0.14997651311933874,-0.0005816190338294169,5
2014-06-01,2.4188559355671924,-2.7955013824030712,-2.4216088719051436,-0.168774897879926,-0.4196265585666926,0.6937620483551518,-0.018053875296076355,0.8536471797184523,-0.5236057078551803,-0.7836877597944782,0.037028899162760295,-0.23636261104673412,-0.7651939156564546,0.3981469198068015,-0.036392638449690956,-0.1150420793348542,-0.12600632137564122,-0.09005514236982895,7
2014-07-01,2.18445408096602,-2.8043954103754256,-2.4261807257523387,0.08991134119863492,-0.40131854573919823,0.45557381539906416,-0.125150290165073,1.1463526668895783,-0.6965092071670302,-0.6538371633114715,0.15864276030402713,0.06330285901799738,-0.3182633607600132,0.02085658688177729,-0.10204610612754128,-0.34112183925910966,0.394580435939904,-0.3254533077554253,0
2014-08-01,1.9331975549781202,-2.8446260335715823,-2.2130335199802653,0.364953876073727,-0.44430566074446787,0.3355900471165977,-0.1283018896027509,1.2595102214467002,-0.8945615229588603,-0.3929181106296496,0.24630396835901383,0.008069058054140085,0.3054301504223522,-0.2648693674181285,-0.3148836722411301,-0.3442785475844438,0.8487250995865574,-0.3399962290296359,3
2014-09-01,1.7445809597598976,-2.793683738440824,-2.3088616534213244,0.4516859462921911,-0.36437733931768035,0.21510503242722934,-0.27456357999012576,1.054504164700639,-0.9414719015459168,-0.3448012401235119,0.37604602607089505,0.016925361453291585,0.01104770976673125,-0.24775642955944646,-0.3793649153224165,-0.44069561763241594,0.7015128969338033,-0.46620372102473673,0
2014-10-01,1.519831162046521,-2.927398026967584,-2.143691229126905,0.4845703213216879,-0.46525891410701864,0.06282392226180644,-0.5441344526778633,0.6274545089579683,-0.9734209844341988,-0.3499793143174835,0.4442190538957187,0.19216143234615915,-0.024563221071346897,-0.07970321498744276,-0.3817304543548667,-0.4087526313464477,0.30538592465954517,-0.7620169616284516,7
2014-11-01,1.4323382620622735,-2.9293600846970085,-2.2246695014216282,0.4894440155637308,-0.5213847056157455,0.074275756904328,-0.845175308586567,0.14346086529913343,-0.8702972341146671,-0.36549657052467127,0.6552158791919245,0.44584575423774236,-0.22181731259122542,0.18960523342471364,-0.3130408349415969,-0.4282012863303293,0.29404073034060596,-0.6998807706845381,10
2014-12-01,1.169699889126547,-3.1484613254392624,-2.1724961957138396,0.6205955249059625,-0.5471763644349648,0.21457401730804015,-1.11395001659931,-0.18247392432295842,-0.8440439924725248,-0.5000753903876738,0.8506731905531122,0.6205554835684569,-0.12349659118568437,0.30997983128083495,-0.1975617980778408,-0.6234014415612241,-0.24681234731419624,-0.8116530442518651,6
2015-01-01,0.9413516625077156,-3.118717597376409,-1.922896428384391,0.7330807937733526,-0.513358602395338,-0.02943464963056902,-1.1610871001270948,-0.48657985056260256,-0.8060221710346546,-0.4507403212396396,0.7916090712194715,0.3901970637488593,-0.26386445161246963,0.017717672577515588,-0.34000557190533015,-0.2790739417547247,-0.463629606388238,-0.4246688524711786,5
2015-02-01,0.8542338544404972,-3.223568577756702,-2.0272844761258706,0.9370045368250983,-0.4085357829196682,-0.09066783015043411,-1.2962152189538405,-1.00928256832307,-0.961363097788765,-0.1836362367100558,0.7084614314544616,0.3195453509910856,-1.0464561264186807,-0.08205703970867195,-0.2973451636673351,-0.027739888586418154,0.19258080560031357,-0.17122569104350044,7
2015-03-01,0.6303411244573873,-3.1592985940398526,-1.7510494028588763,1.187379537778175,-0.5218443123657289,-0.48275288938570526,-1.1379047820279145,-0.4543742473966353,-0.7885169755281047,-0.2484559318654654,0.8236455980319396,0.3907477972264228,-0.11011128291555106,-1.0143076553275987,-0.3188172139214722,-0.05719144654987861,-0.18830969544272513,-0.04316473332326433,10
2015-04-01,0.6060215670043465,-2.9200197391343146,-1.5082250485152382,1.4644141496855207,-0.3746374680508013,-0.6759354263621836,-0.9999305739224884,0.009687854113288985,-0.5404964339216086,-0.01668045315711579,0.6160080181758321,0.4575381169660797,-0.1510265481045367,-0.591354809237937,-0.22187283432335553,0.16172231088108416,-0.35036741019582873,0.14844066492315838,11
2015-05-01,0.46113605217397025,-2.8250267415096544,-1.341726323487169,1.7195308299409415,-0.335584606743215,-0.9575217305171102,-0.8870751125427376,0.6123263510605959,-0.16778043493663253,0.22144631356856087,0.3301183909089454,0.4473972817560448,-0.0014473807107179895,-0.4157755040908899,-0.16444467412055636,0.5650817934468674,-0.6221122399838486,0.3628580915787119,11
2015-06-01,0.45338698020174556,-2.699361194096578,-1.2148936941154553,2.1175339683733316,0.11754536480219012,-0.9678395041779783,-0.7471460597355397,1.088028214427694,-0.08313996596913334,0.4342983299063891,0.1407702781263131,0.5458210545432458,-0.5559701971340336,0.38822714451654444,-0.006459389779195052,0.7116445623140157,-0.710341689477342,0.28716808615765776,16
2015-07-01,0.24091571621033298,-2.6977622295085704,-0.9580398474385174,2.357781400036078,0.17995832884911173,-1.1522470922067,-0.6174708738998756,1.547872916501218,0.09048570019265698,0.4277819942630401,0.01898976928075717,0.6189911682724547,0.046241991902280316,0.2522463796031798,0.0406056341495922,0.8909743655409451,-0.8228901680181882,0.334882868283191,5
2015-08-01,0.0757094123576354,-2.670595422112603,-0.630941682969548,2.504582614013737,0.11233296678582366,-1.4120356889700283,-0.6825637707483945,1.7809869489695997,0.0441460840332462,0.5864737019110632,-0.040623827887691345,0.58993361624295,0.5548663156992119,0.17137512593838278,-0.06853090218711927,1.0199366384595916,-0.4388399496898364,0.7133121668079123,21
2015-09-01,-0.13223135497440638,-2.8462926882461472,-0.6064104672419774,2.4561744353716026,0.1499172487248475,-1.3048270651300753,-0.8646040661091876,1.3497228612420957,0.20739387253295943,0.6216910850854407,-0.19590204998551353,0.28738708412612113,0.14169425357829668,0.20476209932348732,-0.14546525164404353,0.7499913328590003,0.2873908495796397,0.6211175784493602,10
2015-10-01,-0.3611977519927032,-2.9486363618748377,-0.4695342469381096,2.365363683283197,-0.013322200013440949,-1.1089696987759337,-1.0644383640531285,0.8066138518006046,0.5002711486200184,0.41299903898402696,-0.16528204968045934,0.13876061717518448,0.48799303027453295,0.4038309086569876,-0.09569395537576875,0.42838169464324105,0.15156240107122831,0.388433630082682,7
2015-11-01,-0.478813989972642,-3.1210260250808495,-0.430210745842564,2.339462980605213,-0.06314670795383584,-1.0117940135282764,-1.2222767901228515,-0.026267924511476637,0.63930617689536,0.45216472929550816,-0.10521371152641826,0.03153941173369185,0.5894735098114471,0.5403271997257436,0.23685203091536997,0.18829341816161063,0.5153882689894774,0.2959975422515945,1
2015-12-01,-0.653408419585936,-3.3172191203219397,-0.4571447131863904,2.2397606644226182,0.01281729876686627,-0.7905084047164221,-1.402576190439016,-0.4991725953599514,0.9883948729129256,0.31767128695266633,-0.12313338864816756,-0.029138663897318368,0.502255328805987,1.1073866187151404,0.5943264587652318,-0.27778864734174086,0.22540723219490993,-0.19905140319324602,0
2016-01-01,-0.9885131084204786,-3.3856092283635313,-0.3033295219932692,2.055131954354502,-0.06641536484238802,-0.8918819972703178,-1.234099502766826,-1.0590815588258018,1.0034112066079701,0.3386636159249581,-0.2836745744228045,-0.5037911397981694,0.6576562730611437,0.5399287626229722,0.47440824702513107,-0.20212981336801508,0.4967556126864218,-0.23248220775352912,0
2016-02-01,-1.0716672347874394,-3.5407792902787856,-0.35920515760950456,1.9406245120932644,0.027402801691564116,-0.7734772018097802,-1.13400744278727,-1.654176178680058,0.9206566154295903,0.3550222600699971,-0.5599611859628436,-0.9739589028698388,0.13141180272180678,0.584483302703541,0.3175250137145689,-0.2427644772710503,1.0785058749636225,-0.31485698693457537,0
2016-03-01,-1.493362148222902,-3.426031258524587,0.01711968813898046,1.9661807444600066,-0.09822534797990615,-0.8807870639306107,-0.5382085359108029,-1.3411226736102249,1.031119061393638,0.14086277387846097,-0.4743359100800588,-0.9405054078500246,0.9058986883132856,-0.6389306970665312,0.2252755079293862,-0.5151750346278993,0.5197483263425265,-0.2711215460471674,0
2016-04-01,-1.6228998259781735,-3.324074350414811,0.29432135137585436,2.04176481088509,0.18460266790773172,-0.8332530814673027,-0.1601974810787441,-1.0686967446778186,0.919993883875206,0.12096958290831705,-0.7063444198508024,-0.8246839618202555,0.5642363278620294,-0.7654894783125624,0.175656923753864,-0.3750353219225356,0.22595004897449408,-0.21335475207301643,1
2016-05-01,-1.7125707771283802,-3.1524226414442555,0.6169594186150398,2.092176076359019,0.3328157065489141,-0.6884008955334533,0.25620869936579643,-0.6000615901940465,0.8246177590197913,-0.014517477145682689,-0.8124205823126956,-0.5311849831530876,0.2537619041303327,-0.801441558863179,0.2937021818209179,-0.6384710081918616,-0.3111170626928949,-0.09035939174074374,0
2016-06-01,-1.5905491776504133,-2.974760412908147,0.6158118895184317,2.1092302775560023,0.6660089585644031,-0.48516105169119594,0.5813805811255758,-0.32673660880286776,0.8017360388726001,0.027825967208271282,-0.9057649404971697,-0.15550071893118425,-0.7299528853229387,-0.18764541444306027,0.4200693665773435,-0.7408549143118239,-0.3667432924719858,-0.004541523897081595,0
2016-07-01,-1.7167184604349048,-2.8701039446965093,0.8665604180608296,2.102018588194584,0.767941098080911,-0.46133475553247916,0.8302029434179986,-0.13252582841763033,0.7647571593998983,-0.02831309428141128,-0.9635214091807573,0.12194407626244111,-1.0233575365842915,-0.4954247983149549,0.48179808603882535,-0.596917318296948,-0.4577051308643959,0.10701889796279947,0
2016-08-01,-1.952256827400028,-2.794899649851665,1.1441407101863499,1.8644833225774358,0.8062392330643899,-0.4543318006534519,1.0658714321147196,0.02982315783005017,0.5853298677699826,-0.050395945691662496,-0.8710751848719656,0.2856782140538444,-0.5102120691917156,-0.972082312477628,0.2934915122942565,-0.49612599599544993,-0.659929285207278,0.46345477099865584,1
2016-09-01,-2.057296778548261,-2.7370660880351223,1.1655288343430483,1.7938908286808861,0.9507574754766162,-0.2864199873239094,1.0799821066090676,-0.14840085919734927,0.5530977559365742,-0.16717205104418906,-0.9114366879891346,0.10669275832783384,-0.8089845474368142,-0.5867560236387508,-0.11748479177370941,-0.31881598011337126,-0.35925176584165763,0.34582020120395407,0
2016-10-01,-2.2837765664715466,-2.64836873412963,1.5025846656490698,1.700316737562098,0.9766747481221095,0.06037165703599613,1.1846108524350834,-0.557418528211539,0.4352749338423223,-0.3752864051316391,-0.7370196903973919,0.17410171326708768,-0.5024820014279446,-0.18575259364819335,-0.26458786770879794,-0.19629073024631313,-0.39062688098686527,-0.014271083877191544,0
2016-11-01,-2.3463532856558196,-2.7179724851992346,1.5029759103237936,1.463363309530898,0.9526335116321152,0.2812866250820111,1.1437986340816577,-0.8949149784204223,0.28792163636218837,-0.6466224491239403,-0.6802743894586805,0.286111346670044,-0.3812318174245868,0.24851174563413084,-0.3634526826136324,-0.014796490902525833,-0.24246393855915618,-0.1406194125101731,0
2016-12-01,-2.54102858457573,-2.6349662547899224,1.5834588312904372,1.3174815321991824,0.9243498481919998,0.7028539980126286,1.0853151853154397,-1.126295099284514,0.32348610566872865,-0.9616309987702008,-0.4797273924655987,0.36603666019482395,-0.013238479662211144,0.8156735417041572,-0.5208768273183638,-0.0675258792400894,-0.6463724609387966,-0.2238046945426524,0
2017-01-01,-2.6743969466481987,-2.4404141528243066,1.6985970212072947,1.0499100167754936,0.9390255767634048,0.5515134914079594,1.0685918582928267,-1.3010284124018239,0.13300736384724354,-0.9115069356536061,-0.2880196481790157,0.03309189625491396,0.14574012007646647,0.8061865512781565,-0.7526221215094628,0.30606311215262394,-0.22838944824724622,-0.1807925646821718,1
2017-02-01,-2.698109309948498,-2.3610478531120638,1.706734287921011,1.037018822745378,0.9659864524831011,0.6135410745727777,0.9642579002689528,-1.6786890605034934,-0.10354154113996863,-0.6481680445568914,-0.13891663706793228,-0.23156083535928335,-0.27585483640919783,0.8038792479101613,-1.0193995363370512,0.5846383735984453,0.6343469591018919,-0.04401497848995828,0
2017-03-01,-2.9478257012814684,-2.3367362138277836,1.8539310415234047,0.8702938926909588,0.7514188106976266,0.4780987386442048,1.1127792760964166,-0.9662630421914702,-0.2005361617230147,-0.8184317799234554,0.06244158070149963,-0.19906869025896343,0.574398760570844,-0.06472186930535503,-1.0774707349880375,0.33941401817430505,0.4485997148592413,-0.2361968201783046,0
2017-04-01,-2.928227968702328,-2.109707349110577,2.112392671594557,0.7098695835308505,0.6868142953831007,0.46660469032237356,1.1206063785312579,-0.41503030198649116,-0.31730348797302554,-0.5866160253404411,0.20192437506936098,-0.09136083258185962,0.36929977839725764,0.017832340332971763,-1.001462351347318,0.26612211090474575,0.4614343369124823,-0.18742232424611627,0
2017-05-01,-2.9304001879384773,-1.9165105108256955,2.1758424085513215,0.7378163916785101,0.794144617562645,0.5356900320555512,1.2425740000802719,0.1455624035481375,-0.409104857456592,-0.4074576076595671,0.4498220215967337,0.27755177762309513,0.32294107014136375,-0.010510869161641038,-0.5537942043089479,-0.05416181847637781,0.45392057916423817,-0.0990498282453891,1
2017-06-01,-2.8303321863918907,-1.6551635307399135,2.2107588475381177,0.7420451020640515,0.8746978437388087,0.5263756831376599,1.2351715662451552,0.6072140676990645,-0.33377400972993077,-0.13347413878633382,0.28018513002209633,0.4997924234077526,-0.44973711611285927,0.4097669133850573,-0.20165255938509408,0.17992010094671015,0.45765552837611984,0.1797314500663968,0
2017-07-01,-3.035602333521836,-1.4888247256769764,2.3679894154477603,0.6944117129362393,0.9168904192471403,0.4953099036953804,1.186250166259838,0.952365808451671,-0.3045177866572645,0.06777903957143663,0.4677272949892257,0.7773249001625335,-0.1542020851278144,0.202210679846079,-0.0373521106672858,0.12421822299593874,0.4434203562942284,0.6269359040191906,0
2017-08-01,-3.2391597954111826,-1.3261155620277876,2.490298017283902,0.5678425848619333,1.0105658566155957,0.49231193307828325,1.2608247451828267,1.2977314462304164,-0.38307442459955576,0.19102894511743423,0.5736937445338344,0.8891472021030395,0.23015934856658793,-0.283675556037004,0.14500162954521956,0.07235137281918183,0.44287015943999086,0.49810638340391256,1
2017-09-01,-3.5450641630208635,-1.325618080907065,2.586988088044717,0.4496848239972002,1.1395864066278798,0.4998643267603979,1.1531006032445552,0.938780150208137,-0.5566797853584249,0.352322519314034,0.6658572496327306,0.5951214294011716,0.1278756837832598,-0.4071287983720865,0.22053570128307068,0.06819231597090167,0.6025197278391669,0.47711779276336375,0
2017-10-01,-3.732325449448597,-1.2861062355034991,2.6926664752180667,0.14462865639575948,1.0737123803408009,0.6190744863082702,0.8020472015856277,0.5788437443075667,-0.4398245298863904,0.227971877530517,0.7935470857818023,0.5108062747698661,0.3016858306855629,-0.23809349396665408,0.34028160540368413,0.13798784236006786,0.26374160791762563,-0.018802177012435722,4
2017-11-01,-3.874150258789205,-1.2792009791771988,2.648820167657893,-0.17493407906498482,1.1195552954075383,0.6162745125927755,0.4333436890575223,0.12641168615717674,-0.4712906240650684,0.2567598253394075,1.0645532899979342,0.6095265550591342,0.42794871263458556,0.11603401062949698,0.6836138355167907,0.1259382575650529,0.08112689081583127,-0.22478922897742545,0
2017-12-01,-4.0829556447767725,-1.3279336053286381,2.6653470049122028,-0.39447304415006135,1.056245731709613,0.7934060641728871,0.10801560591657534,-0.21667026006407986,-0.35065238123277476,0.20581045968418446,1.088079053904617,0.7718284365507426,0.4281871086233433,0.49075453514884504,1.0774704373181434,0.1451412991272544,-0.4876908576487533,-0.6217733701209779,2
2018-01-01,-4.32989387109815,-1.337559040789876,2.6203428090474254,-0.6350710192114418,0.8435358300476556,0.42620084664282243,0.027414708327835408,-0.4461116664521766,-0.4281111704485524,0.31797732330811534,1.0977678981672272,0.429175793445578,0.5381307937044149,-0.042469438799957064,1.122410998598322,0.3528427699144201,-0.33069634489378996,-0.6445035060647127,2
2018-02-01,-4.530214834475237,-1.3347592669943462,2.497959868515816,-0.7059788832080699,0.6975494711890478,0.32206021287697145,-0.20229645669801366,-0.8957173677945867,-0.43389451931802225,0.6713226093432398,1.126454070628077,-0.033838824091915756,0.05421898836812926,-0.24444547992420376,0.9371098861494735,0.6657334479219178,0.09527132923190468,-0.2051697272518505,0
2018-03-01,-4.871006062519266,-1.3039778985361552,2.4938037199766674,-0.8939951015263423,0.33368817689475383,0.1359854363840355,-0.23593220126784475,-0.40184178643790225,-0.5447748487392277,0.5737270742747363,1.064340633009178,-0.46352789946175005,0.6145409883747264,-0.9197083616525942,0.559590519767577,0.3061558465484891,-0.35881796622363965,-0.36828618719313044,0
2018-04-01,-5.000082509087095,-1.0355643718206515,2.5657556867850198,-0.899074809194394,0.30580521651042414,0.11533744780939997,-0.25785743980965004,-0.19770429051709174,-0.49548580891789934,0.8070451045378093,0.8546938049249373,-0.6787360928506648,0.31739481360783733,-0.5807188171247764,0.4683151970177202,0.1840996489192643,-0.32280881796966476,-0.206308088287003,0
2018-05-01,-5.092977317644074,-0.8981353771845557,2.4767694814452534,-0.9774602139742482,0.24012283236202156,0.14096584446587307,-0.32516483221831216,0.35943218793783793,-0.37805599949195123,0.693456831981745,0.6726003038221811,-0.7950576910052272,0.11710047917983216,-0.21840156046941278,0.13562158503467536,-0.18540118541167488,-0.5911045649594795,-0.3151383949968324,2
2018-06-01,-5.084954097904964,-0.7549081902357997,2.2839853894428788,-0.9302667053800167,0.29471309404883483,0.16321620645222654,-0.4215519152791761,0.6478028484566658,-0.3310098897202633,0.6771825542447586,0.36987488582992,-0.9171656812700226,-0.7939892211663642,0.5026467459361679,-0.0015163026348967573,-0.2588615567902109,-0.33179576259437876,-0.4013494478363918,0
2018-07-01,-5.251140115296576,-0.605686936962156,2.2578377199063637,-1.0629421931222884,0.11915046864303634,0.28848720596221983,-0.5565780664687912,0.8842354938578046,-0.3706693845712215,0.6723246781098231,0.3621537236267978,-1.0317595104951633,-0.7536470839631048,0.6266504753110096,-0.32558605532178436,-0.6184507682365852,-0.08542245937835391,-0.34419684745515033,2
2018-08-01,-5.5256031544399935,-0.5715754312883067,2.19968111650658,-1.059025850020405,0.013872604285824375,0.24745362717979996,-0.6514375974545599,1.0162582269784939,-0.2669553984509363,0.5695212871785511,0.06957626308902673,-1.2051102186809937,-0.5507645541117075,0.3456730105301714,-0.538525802531488,-0.43169125002293696,-0.16341125799680303,-0.24256889823507727,0
2018-09-01,-5.709337922834965,-0.4806576800126004,2.08744284323386,-1.203328936302624,-0.005549402085210986,0.18189199984672727,-0.7264666250195362,0.8460034752532726,-0.252134292074066,0.591966438337147,0.1359787836014059,-1.1011990149713278,-0.7632526769234235,0.39710939386920485,-0.39958894848729576,-0.3969971103883987,0.25475182092098214,0.16281185619917365,1
2018-10-01,-5.831147354926971,-0.4215994188592971,2.183760364941668,-1.4396223947470663,-0.22221361608492723,0.30205786484250297,-0.9856392195815928,0.6602700214751999,-0.15899807684702014,0.3482834498971706,0.16242962196985383,-0.9914775635470137,-0.2228387189433405,0.4315127790202524,-0.3758490974923954,-0.3701549458761291,-0.11269420628255089,0.1885092490356075,0
2018-11-01,-5.944731429253741,-0.3928456063158347,2.0017015806753156,-1.5867259936229068,-0.4705594290236458,0.34605376171167446,-1.1793676523042191,0.3361486607090429,0.09266363189358773,0.2542415852865823,0.17864924689657502,-0.7753296878644076,-0.1602881506980295,0.5428431345723634,-0.18546220262125301,-0.14859490671655184,-0.006358527609352238,0.3428022344471935,0
2018-12-01,-6.128085635544725,-0.3906258397173282,2.0323411987691027,-1.7420705322197303,-0.6584589491961329,0.5122490435507663,-1.4651455612268043,0.19773411686253364,0.3627816033890088,-0.013512734985223093,0.08757303391949975,-0.5415542998246832,0.06769831577108554,0.878718939570166,-0.078356294630969,-0.06156313413283973,-0.4772856662824647,0.31743916009551326,0
2019-01-01,-6.204088615629115,-0.36606728844402314,1.9489705117999203,-1.9145061167974986,-0.92941197797312,0.3873196719975595,-1.2300795696378168,-0.04280715450111894,0.2653508710005468,-0.02731782630569426,0.04279714740220203,-0.401300054059149,0.138867826972678,0.5544030457556383,-0.09233634969944715,0.11182893384110269,-0.045408357224056506,0.5614489487663381,0
2019-02-01,-6.173129251571434,-0.2921842323064828,1.752761825860697,-1.9409072284237878,-0.8746223479375655,0.18740997554754826,-1.2163982512591691,-0.528892195949499,0.1282342540777605,0.1799694473454494,-0.04239106822117272,-0.491581112161005,-0.3452675644266022,0.1185348592870474,-0.10806187874455911,0.54548277513914,0.6173014695106134,0.8506325210642861,1
2019-03-01,-6.470928065336433,-0.20560759895355327,1.6063895673537885,-1.867906020822731,-1.0476539836913517,0.02528096126846266,-0.8501200770836822,-0.12722304077109892,0.14294185082467956,0.03587172956534454,0.00494427590753177,-0.27646773409427233,0.4036595359791476,-0.7917643161155254,0.0022290252632102825,-0.10103493756265483,-0.02774559754455963,0.4189178597413078,1
2019-04-01,-6.560385231721002,0.021007613774581962,1.592529452210396,-1.621995005943714,-0.9683232501176529,-0.09382557388508969,-0.5972696892863525,-0.021985819186020827,0.1234557408135759,0.038873352067451905,-0.2798059821000174,-0.16407562518361535,0.2820534211026922,-1.0492174835351482,-0.06103198688949665,-0.10028096814704845,0.022576907943520408,0.14603170278443683,2
2019-05-01,-6.668561477865388,0.15903799481034991,1.5582587196656408,-1.6618146456152743,-1.0170257757181593,-0.2510905683700751,-0.3997978553818331,0.5332644815684691,0.23459781790799136,-0.13052746875582644,-0.5744257726198121,-0.07345810965342112,0.20997553007790348,-0.8890565455638326,-0.19513696366810926,-0.10172972014186965,-0.2957138654116177,0.02248239468081712,3
2019-06-01,-6.623761317353378,0.41182501724486864,1.4385914641482158,-1.5073529207000576,-1.027082610265805,-0.24340005597719527,-0.24645078959944244,0.7227283208420787,0.22712105185190185,0.016683604376770418,-0.8529305553510697,0.09974214086899755,-0.48961360198446,-0.2989697163120844,-0.10535100984202825,-0.1552123750814014,-0.015103477430668255,0.047899415363849986,1
2019-07-01,-6.831171293327275,0.646093005017383,1.292640668623119,-1.5351691452601064,-1.1318828898883537,-0.2571692247013713,-0.13144880885695442,0.9606908562869005,0.15717143649576193,-0.08645891345703512,-0.8177642761332955,0.4131353703725803,-0.480356694091357,-0.32457927175375967,-0.2090499319367407,-0.3442804600740663,0.04145221050708622,-0.009263367598237218,3
2019-08-01,-6.973757850740928,0.8068460846877866,1.2726982755478677,-1.4720850415071083,-1.2106543129448335,-0.2219178258055341,-0.13540939883981243,1.0298875516742823,0.2776337950614144,-0.18152438910177923,-0.890759089743663,0.5693848339321683,-0.3404934319533009,-0.24981026024180747,-0.4510419012177197,-0.3189752454734838,0.12793156858198507,0.1682321733258809,3
2019-09-01,-7.241012078332508,0.8465647918763793,1.2537715521371509,-1.6203910730227091,-1.3781173915503762,-0.28316719886596975,-0.17449177618805584,0.8623552498056107,0.19314504215094574,-0.23715720394908624,-0.9484289268431481,0.5108192347351059,-0.3415207749076063,-0.16102606735177036,-0.4084895943760306,-0.0588690920380725,0.27022393212468465,0.3873836518339646,1
2019-10-01,-7.45453337533455,0.8839746621873443,1.2439278412563526,-1.7311822552804461,-1.6769578290083134,-0.22715063180219808,-0.29672455873832515,0.5648364085315615,0.2041074518833809,-0.59840165231465,-0.9039707360954389,0.7502844445887454,0.12456728006894763,-0.07054093428125863,-0.314263314999271,-0.041891429423072286,-0.01946510804749907,0.26783406995547876,3
2019-11-01,-7.597280243202415,0.8984101963141872,1.0363987309795015,-1.8221641934118964,-1.7742022412923488,-0.16481651751826226,-0.35373952193717323,0.22004388074031467,0.22212451527523905,-0.831461862667051,-0.7625777723118873,1.0176390937374589,0.35462415476155984,0.18806898726448593,-0.08737432455135279,-0.0832963046125485,0.0506303706891702,-0.03856347953551041,5
2019-12-01,-7.765495011676171,0.9130589039603834,0.9211895137577211,-1.9423640454470987,-1.8361809076812412,-0.06221866540020188,-0.49820018992905224,-0.12046800786447293,0.41853170173112586,-1.0843981637423534,-0.8978991493905141,1.2532746250806848,0.5165535571631134,0.7573292992872216,0.1401500565245383,0.057673541628872574,-0.3606297658415314,-0.34282358197973717,8
2020-01-01,-7.803514765302757,0.9766194082912869,0.7941810056021119,-1.79271877909925,-2.0342795648627217,-0.30217348522465304,-0.34482110315554987,-0.47902462147329994,0.22158423932875854,-0.9466321912570383,-0.8628486612322677,1.1578988096892595,0.3845954008387051,0.41862377924200056,0.26931837719747653,0.32677788703260907,-0.08777403993275956,-0.5535729946503891,4
2020-02-01,-7.712634476923071,1.0897845514553002,0.5021673307391497,-1.56406498217098,-1.9197422263000434,-0.38707639615651046,-0.12718522155940415,-1.1413640640060385,-0.02546429181456142,-0.5286601867370158,-0.5685246074033743,0.8829957032485574,-0.0450222419078235,0.06810095061008245,0.26925619282814783,0.4141066779032619,0.7181645919402275,-0.4413519950530974,4
2020-03-01,-7.798010663871498,1.4459429170140485,0.14459881581326156,-0.991890450436393,-1.8709285741389516,-0.8168836809225355,0.21629410320637654,-0.7737740043493975,-0.1058844591785375,-0.48795096912341757,-0.3971255658850826,0.4656314597884801,0.5216175574220588,-0.620330423132952,0.39125929742910975,0.365777514890358,-0.14275657133252145,-0.6682441354262945,1
2020-04-01,-7.514651342464705,2.3338854159830307,-0.48835892866353037,-0.2689391878646364,-1.7178793102104764,-1.4727807410750353,0.6980419931777564,-0.8933000223371252,-0.2319506810395977,0.052089493525256936,-0.2277796956022275,-0.031764113912079645,-0.3728014754776562,-0.3742559426099322,0.6091653852607827,0.8200986267483662,0.2498371433540324,-0.5047855675342217,3
2020-05-01,-7.304095284323003,2.930142908495022,-0.9329908564929323,0.29388860086554613,-1.695444745923937,-1.750450353414777,1.248510971065634,-0.5605817292501646,-0.3907181599933145,0.30231840186497255,-0.06802299671471723,-0.43185682576848083,-0.9300305222185332,-0.09851255545892502,0.6316900891239156,0.8693687937999878,0.3971204105189749,-0.4999956638141091,3
2020-06-01,-7.093235139216576,3.4058409920890464,-1.241439937262817,0.7673066031325118,-1.53221006574151,-1.7614839190994203,1.729271127777546,-0.16033222742262743,-0.7170449200962989,0.4469903487418415,0.13307408152932726,-0.8302037232953283,-1.1463509552503728,0.13243764811189632,0.39477621078501246,0.5572702291081496,0.2590654683419422,-0.5615614660290469,1
2020-07-01,-7.254207191485377,3.6833869297396475,-1.3788236238036822,1.2038632975192665,-1.240269412180986,-1.6124565494259189,1.706115951993223,0.10177749466936087,-0.7877873215398886,0.28774982572755337,0.2128547610071573,-0.5477975116470168,-0.6532617981737402,0.2137769803686675,0.12278676726302201,0.11777570826348722,0.06270065107386708,-0.41166976796494503,3
2020-08-01,-7.4726585917336985,3.9003646002774945,-1.5134740617988203,1.4736183149100401,-0.9536070343839249,-1.5325192569895087,1.5203349149081342,0.32936933895346954,-0.8456871873549157,0.4319012990191347,0.48960683872820737,-0.5084632771585591,-0.0726996669455749,0.23495595556086335,-0.07241988069663374,-0.24031552004405113,-0.10283387602296445,0.039935680093315495,2
2020-09-01,-7.68333916484605,3.7340204916815742,-1.5617463220307601,1.2979296941646938,-0.7403353936075369,-1.200610663978735,1.3453695858408268,0.15298381074476702,-0.8193859240200316,0.43915561732835345,0.4333301443634139,-0.2104710093648234,-0.05250802232469484,0.2754396032855766,-0.08988950587977002,-0.5185816829454049,0.05658773566920561,0.1536171971292855,1
2020-10-01,-7.836409253624105,3.76786406399514,-1.6180542029515959,1.100138571246966,-0.6809915150896486,-0.7959495161693062,1.0815948215248556,-0.09919374197066838,-0.5966588392689363,0.3499131608195703,0.4667090339750102,-0.04760117180033149,0.5029582512999374,0.3097116881067098,-0.12925777354065032,-0.7177136512511949,-0.32945514704100176,0.37303850085840073,6
2020-11-01,-7.923263046537146,3.729414104128578,-1.8050183024185098,0.98376434053536,-0.4405013663848691,-0.40904407248587016,0.7899611738660892,-0.5187234645412913,-0.4231279308176429,0.12714627435556042,0.5544930782049067,0.07673682494969086,0.6255335313160366,0.7153151852070205,-0.00039658286150312527,-0.6245303655294978,-0.3986792987136468,0.6798957754001862,6
2020-12-01,-8.16153803600897,3.6676679378253962,-1.9002929688278318,0.8678054929775989,-0.5506777953440087,-0.04327481345142087,0.5147851819841838,-0.686119403102416,-0.24323689534079593,0.013584062080449794,0.6792797036796755,0.3225260466065612,0.9850487388304604,0.9139621622776207,0.08296857627466736,-0.8690460622917404,-0.49591903847765967,0.5951440862684672,0
2021-01-01,-8.362399411001318,3.5839376847776934,-1.810124147606317,0.8269756372111694,-0.20718646045615197,0.09159347314760219,0.20330648658431622,-0.8306466693377467,-0.2586214146379902,-0.19485861056101253,0.6051479763110639,0.14349256525764276,1.0321792374566516,0.4243788127665955,-0.09922245126669062,-0.39655420677706826,-0.36732602160877614,0.6229209742784243,3
2021-02-01,-8.396436893166715,3.559054177018609,-1.956955091592384,0.7939082779529206,0.0624528679538896,0.2900016629849301,0.056580741558193426,-1.2849593319689472,-0.35792576314674895,0.046039919154995196,0.6208018638830894,0.023070717773045868,0.582016279960497,0.31351106663965467,-0.17953333570805352,-0.2953437740907018,0.44979522398668365,0.7560064536136465,2
2021-03-01,-8.630896850396324,3.4886397055054825,-1.958958286312643,0.7335528587532693,0.29955957099042707,0.41329126374012876,0.011769680807179772,-0.7385078618013976,-0.18708245612464394,-0.3219810934655124,0.4559519789547014,-0.1528565783934324,0.9448928450859347,-0.3735980682571205,-0.2680975790292296,-0.35784869037999567,-0.1724634639651035,0.2647582144487578,2
2021-04-01,-8.724220335456613,3.800722939107365,-1.8812456120839336,0.6582749072115693,0.6363126257459845,0.4521001519721287,-0.0836572295683799,-0.4719499152698559,0.05056375500110667,-0.13233068958862126,0.14653066297868161,-0.33482378549873115,0.5927540342958159,-0.14579716338354654,-0.43552347872860364,-0.031160314144618468,-0.2212171709434459,0.4108719460202945,4
2021-05-01,-8.905146231252864,3.961013131066446,-2.0875206426458393,0.6237181518171896,0.9623464807257474,0.49493770449656876,-0.0922383071380567,0.06927119054386588,0.25222949711010073,-0.057456408098572026,0.10444320992998943,-0.2900030939951043,0.33172385370200025,-0.2220334766383174,-0.24771643839395963,-0.13293099054101226,-0.31476770749635735,0.17695616474446918,3
2021-06-01,-8.875852409225502,4.239307760033922,-2.324940061193419,0.704331231385498,1.5507856224402783,0.5091783429361258,-0.17108791289750902,0.3321255144912232,0.5081648289327506,0.17892233306402994,-0.1653928876743901,-0.2360090204679153,-0.5255722696311426,0.049227827323060094,-0.05983352550263826,0.17636501267944915,-0.21077018863383576,0.017225038346668525,4
2021-07-01,-9.013476259040102,4.295980068119969,-2.296526653210221,0.7220517674713931,1.8278278268555177,0.6823250687057898,-0.2049469341587708,0.5131611996017027,0.617596607868511,0.16144821235903672,-0.174115390656704,-0.15599241561979219,-0.6595306352381165,-0.24176637093638192,0.05276301241352363,0.2619129710225786,-0.1442364673617984,-0.2090900368284065,2
2021-08-01,-9.135628119617179,4.310638842398677,-2.216120420554123,0.7009298831882982,2.110298347998909,0.8711067997032357,-0.3862897444871374,0.5840247147400929,0.6423021871283311,0.12566189395662616,-0.21623206806164275,-0.11978441039786758,-0.7360955624337711,-0.31796872705674994,-0.004159208041642576,0.26153036047842987,0.06505870175262801,-0.2610099109833467,2
2021-09-01,-9.373680764385513,4.223188651733066,-2.3081667177822904,0.548103285063023,2.1614303757984996,0.9473674858685249,-0.5758209679793334,0.49039208245780935,0.5440225939404049,0.21490341104030025,-0.26766993243656223,-0.15599788396467357,-0.6584627687134197,-0.5418669309381061,0.026063717610586262,0.35863738812983015,0.4904469717673612,-0.11855456288773597,3
2021-10-01,-9.613599903430659,4.1093378797009095,-2.2205918376069134,0.3578637589967007,2.2094221116312087,1.1477534683239026,-0.9098032393848363,0.2861093554579464,0.7062536988916392,0.02038669893416023,-0.3499086241776922,0.043719597224715356,-0.24962496440981083,-0.4539309688014489,0.06972890219830324,0.41904917589363216,0.34540918994490977,-0.18872453311615195,9
2021-11-01,-9.82234825119307,4.009475393861618,-2.3050996574381144,0.1602146381565402,2.504427011684255,1.5761593434210206,-1.1580730615643293,0.1860738155773669,0.7203742033452616,-0.31990397216846556,-0.3275464408465394,0.40526519857964993,0.052667699439080784,-0.40471970041364935,0.1746038054791969,0.236362565348272,0.17324288969147034,-0.456847914714992,6
2021-12-01,-10.000437896134821,3.8675868941319345,-2.380374736997939,-0.11914766981842395,2.4806815405167817,1.9231966718670155,-1.6594651174164698,0.047507307337645244,0.9061855763832929,-0.40839130452929695,-0.2982319201165869,0.7282766557998358,0.19307976882682196,-0.022156227600903786,0.20269303318138904,0.13255906193392775,0.24319045224794078,-0.4889450502645686,7
