Unnamed: 0,0,1,2,incidents per month
2010-03-01,-314.7936244460831,305.2709544551796,-8.30417851419097,0.0
2010-04-01,-314.66984808443897,271.1551581506513,-5.45967377039139,0.0
2010-05-01,-314.54250830242177,236.54485266490215,-2.2389342308355644,1.0
2010-06-01,-314.4158599818394,202.49774104305888,1.3946488371389805,2.0
2010-07-01,-314.29205691560264,167.79348321299577,3.7353629316514017,0.0
2010-08-01,-314.170953173668,133.1654694270186,7.131468995143937,1.0
2010-09-01,-314.04876318321215,99.09127055406783,10.542110915620182,0.0
2010-10-01,-313.92634821650915,64.47261263986645,14.251253884867326,0.0
2010-11-01,-313.7992542365636,30.366262027040403,17.531619518327584,0.0
2010-12-01,-313.68004070726613,-4.222837498909659,21.74647078618019,2.0
2011-01-01,-313.67135781634727,-5.655416886944598,22.086532323638423,4.0
2011-02-01,-313.6633794013025,-6.991281925799547,22.743217286936456,3.0
2011-03-01,-313.660047786556,-8.394380201981996,22.494354798268823,3.0
2011-04-01,-313.6524262694463,-9.79864745104265,22.868305260424062,1.0
2011-05-01,-313.6441180391013,-11.208038216302345,22.98108656274862,1.0
2011-06-01,-313.63531083454643,-12.572105134404264,23.50226231548891,2.0
2011-07-01,-313.6255556399157,-14.07214592585647,22.653906423455112,0.0
2011-08-01,-313.61662620946504,-15.526299006763303,22.267867352820975,2.0
2011-09-01,-313.60691129957274,-16.905130577667762,22.43745391222765,3.0
2011-10-01,-313.59729058055115,-18.39066380544784,21.645717072959293,4.0
2011-11-01,-313.5866819311609,-19.82886889810336,21.385113118546798,1.0
2011-12-01,-313.5776204229647,-21.275839414710155,21.02970330119242,1.0
2012-01-01,-313.5796304880426,-20.20846701821901,19.937664530252952,0.0
2012-02-01,-313.5826638112623,-19.102365172818924,20.180829541196374,4.0
2012-03-01,-313.58523203534776,-18.080861246210745,18.525372538879633,0.0
2012-04-01,-313.585459083783,-17.047768366613703,17.415399098052248,0.0
2012-05-01,-313.5895535706198,-15.955937465415042,16.611057559422395,2.0
2012-06-01,-313.59413913004977,-14.810498831786706,16.332767305216116,1.0
2012-07-01,-313.59638434337205,-13.763422484503831,15.018869267518953,1.0
2012-08-01,-313.60158996283263,-12.690908576984631,14.212390623398809,2.0
2012-09-01,-313.602273597172,-11.588494956982839,13.852703089119704,2.0
2012-10-01,-313.6081864768028,-10.503505544780982,12.679894270431824,0.0
2012-11-01,-313.6146111074294,-9.397320213782447,11.932982525882958,1.0
2012-12-01,-313.61947097679115,-8.26124000797149,11.292635345645447,0.0
2013-01-01,-313.61652350580914,-8.567225479395708,10.428744764113537,1.0
2013-02-01,-313.61079148483054,-8.757898917335755,10.546281257087259,0.0
2013-03-01,-313.60790027348537,-8.999180168101736,9.078730108231504,0.0
2013-04-01,-313.60338167209295,-9.18620619565517,8.550987343588064,1.0
2013-05-01,-313.6016884772115,-9.308645060260632,8.74014694071237,1.0
2013-06-01,-313.598007817642,-9.463944950080538,8.70130934644329,0.0
2013-07-01,-313.5934162190733,-9.685438413188809,7.868212061971676,0.0
2013-08-01,-313.5873487638398,-9.916559670355445,6.857834742338168,1.0
2013-09-01,-313.5817747819369,-10.161903003990089,6.594613716404203,1.0
2013-10-01,-313.5809572880863,-10.387287157435752,5.622944904194,3.0
2013-11-01,-313.5774563088528,-10.621240498999263,4.996108259048078,1.0
2013-12-01,-313.5735802270344,-10.827420079997996,4.458675158119053,3.0
2014-01-01,-313.56909493550154,-10.9819145511068,3.5112497366178768,0.0
2014-02-01,-313.56532128863927,-11.068769695974655,3.2847044770221254,4.0
2014-03-01,-313.5617789768833,-11.159052743758707,1.7484427827403235,5.0
2014-04-01,-313.55895259036345,-11.155309420191953,1.8445357664155555,2.0
2014-05-01,-313.5556788027652,-11.222780967241526,1.4371531853581936,5.0
2014-06-01,-313.5541562556282,-11.223833113721003,1.7275374108116548,7.0
2014-07-01,-313.5551605959422,-11.29678771671459,1.3853856811746146,0.0
2014-08-01,-313.5528603874438,-11.355291031254888,0.8385547447813972,3.0
2014-09-01,-313.54981410753646,-11.453103275250026,0.41542980387257356,0.0
2014-10-01,-313.54787848520186,-11.526230708627036,-0.03806872477219064,7.0
2014-11-01,-313.5483919248658,-11.561483385200727,-0.28159745021260874,10.0
2014-12-01,-313.5468378911458,-11.641952029340642,-1.172445723791227,6.0
2015-01-01,-313.5452454073435,-11.693157146496947,-1.3969287195832791,5.0
2015-02-01,-313.5407397576442,-11.742940347162802,-1.4280459293545846,7.0
2015-03-01,-313.542784038204,-11.77338523229518,-2.0679468266158594,10.0
2015-04-01,-313.54068478883875,-11.740938910523516,-1.801648697695698,11.0
2015-05-01,-313.53726752124277,-11.772747419266251,-2.4029392420778724,11.0
2015-06-01,-313.5329308164953,-11.752652259975914,-2.019972874943566,16.0
2015-07-01,-313.5305462473492,-11.803427584483497,-2.8200830439669526,5.0
2015-08-01,-313.52888452661136,-11.85240567880359,-3.104853453771846,21.0
2015-09-01,-313.5252023205952,-11.913160555344668,-3.2437652439403433,10.0
2015-10-01,-313.5267104502122,-11.957646831853777,-3.736616064082755,7.0
2015-11-01,-313.529517682645,-11.996027734198993,-4.020928124234202,1.0
2015-12-01,-313.52841308249157,-12.004408526979478,-4.103111149543906,0.0
2016-01-01,-313.52610112479437,-11.970168852372469,-4.451601201045277,0.0
2016-02-01,-313.5246991403227,-11.886093397916172,-4.14576570101794,0.0
2016-03-01,-313.521970977294,-11.860134970807161,-5.492999635870231,0.0
2016-04-01,-313.5190343046417,-11.752396660577963,-5.316275769651503,1.0
2016-05-01,-313.5183364746615,-11.623335423267944,-5.252349043433614,0.0
2016-06-01,-313.51662209787605,-11.459664354819761,-4.600602729022614,0.0
2016-07-01,-313.5138272556081,-11.365939541386226,-4.8427453476135245,0.0
2016-08-01,-313.5119056605822,-11.314670922409466,-5.277287834715147,1.0
2016-09-01,-313.50723451129494,-11.20355126603429,-4.98318405837549,0.0
2016-10-01,-313.51024942816184,-11.113329189921792,-5.186970019283761,0.0
2016-11-01,-313.51046259489607,-11.00962628458474,-4.928045125132737,0.0
2016-12-01,-313.5090248243823,-10.919080540650738,-5.623159025348468,0.0
2017-01-01,-313.5045077476974,-11.114649627730984,-5.492706544980538,1.0
2017-02-01,-313.5002248174202,-11.273057404915017,-5.423146603316948,0.0
2017-03-01,-313.49830210138776,-11.424494800536436,-5.846902861673151,0.0
2017-04-01,-313.49646521454036,-11.528203408133711,-5.487131096872522,0.0
2017-05-01,-313.49526893272105,-11.653540976628864,-5.4104808432421905,1.0
2017-06-01,-313.4942581485818,-11.725344986272065,-4.906235313850056,0.0
2017-07-01,-313.49379701518103,-11.873615975607736,-5.201246166241014,0.0
2017-08-01,-313.48966678009674,-12.040651622051627,-5.440822129578525,1.0
2017-09-01,-313.484517208962,-12.262949374181165,-5.873722058744446,0.0
2017-10-01,-313.48455301187175,-12.38965056120248,-5.849663541969139,4.0
2017-11-01,-313.4841563444209,-12.572307547042728,-5.885945931485014,0.0
2017-12-01,-313.4830799501336,-12.737946689136368,-6.305364568255814,2.0
2018-01-01,-332.2513910712038,-12.94461919858248,-6.814424140371667,2.0
2018-02-01,-350.40829521975445,-13.112787053795282,-7.384552535764292,0.0
2018-03-01,-369.1784489409502,-13.279958990121145,-8.20145946410271,0.0
2018-04-01,-387.641691473698,-13.414498414310785,-8.510152217673696,0.0
2018-05-01,-406.4101261141955,-13.517243011368793,-8.678853729473671,2.0
2018-06-01,-424.87548675754414,-13.609378783439952,-8.397413659774028,0.0
2018-07-01,-443.6445535561235,-13.728286615791918,-8.616148189659395,2.0
2018-08-01,-462.41297905355253,-13.888563394340647,-9.312937854389075,0.0
2018-09-01,-480.87670396665936,-14.06133397282485,-9.785097260673018,1.0
2018-10-01,-499.6512308376263,-14.168107261829233,-9.964274233804861,0.0
2018-11-01,-518.1171879457784,-14.297351403122676,-10.357172182945114,0.0
2018-12-01,-536.8886248064293,-14.39311756762704,-10.749159646900885,0.0
2019-01-01,-531.0564423367214,-14.22027554472012,-10.749913687383675,0.0
2019-02-01,-525.5092824286284,-14.046864211457926,-10.452947714370149,1.0
2019-03-01,-519.6768454058772,-13.930042745279813,-11.65033928012509,1.0
2019-04-01,-513.9402781659402,-13.724254770715875,-11.679873085295377,2.0
2019-05-01,-508.10960976069333,-13.521361358126912,-11.684985905139838,3.0
2019-06-01,-502.3723080986631,-13.301975706106655,-11.430956894804558,1.0
2019-07-01,-496.5370149130627,-13.134043528229718,-11.752177211077525,3.0
2019-08-01,-490.7034188770961,-12.947865594469667,-12.183696456343844,3.0
2019-09-01,-484.964412330205,-12.800166146475902,-12.590014514727851,1.0
2019-10-01,-479.13631456379505,-12.621507194607931,-13.089017997333865,3.0
2019-11-01,-473.3981289714945,-12.477768111516824,-13.50413084727807,5.0
2019-12-01,-467.5653591260349,-12.327342530375393,-14.03181799313728,8.0
2020-01-01,-419.5004752793699,-12.142582272207292,-13.688223390769302,4.0
2020-02-01,-373.77599415464096,-11.998269583552869,-13.604397627782845,4.0
2020-03-01,-325.7085448296092,-11.821194408650278,-14.14505335111846,1.0
2020-04-01,-278.42147732545277,-11.580819939203447,-13.763361224360729,3.0
2020-05-01,-230.3543228182246,-11.333160921650286,-13.477706968972834,3.0
2020-06-01,-183.06748999902348,-11.095256766808166,-12.824105041981607,1.0
2020-07-01,-134.99676606976834,-10.925346657461812,-12.955507392188581,3.0
2020-08-01,-86.9263823800242,-10.773041702327541,-13.301435365534251,2.0
2020-09-01,-39.63740012964661,-10.640087322881563,-13.261772431052792,1.0
2020-10-01,8.426886713784203,-10.413455079947035,-13.164517840121523,6.0
2020-11-01,55.719476090541185,-10.281834101036289,-13.320560806601327,6.0
2020-12-01,103.79080689154218,-10.110165220404193,-13.922891271813182,0.0
2021-01-01,282.01780828005724,-9.373794910636239,-12.83692830082218,3.0
2021-02-01,451.5421640272593,-8.637783255528555,-11.615226719390547,2.0
2021-03-01,629.766830932463,-7.857933349988846,-10.64614663851601,2.0
2021-04-01,805.0944423839511,-7.093676997379381,-9.729996018725902,4.0
2021-05-01,983.3238022950974,-6.355528207222141,-9.052227030356702,3.0
2021-06-01,1158.6553014012466,-5.6083637046752175,-7.866719371625909,4.0
2021-07-01,1336.8856518994496,-4.8231858517437605,-6.77647629424115,2.0
2021-08-01,1515.110034752195,-4.035820866853703,-5.613505444945654,2.0
2021-09-01,1690.4367523082117,-3.326944803917484,-4.844432704534185,3.0
2021-10-01,1868.661008295099,-2.5419989628124133,-3.9317917377532576,9.0
2021-11-01,2043.9886977309784,-1.8191848286464403,-3.163694327324193,6.0
2021-12-01,2222.2168015701423,-1.0853563262352317,-2.629307242253066,7.0
2022-01-01,2234.335597608139,-0.7045861970732492,-1.8907019176106092,
2022-02-01,2246.0618330311827,-0.36777841044818516,-0.8045221054510869,
2022-03-01,2258.183318362594,0.09200380476460701,0.21221282619625703,
2022-04-01,2270.1196663853207,0.5812660049576861,2.3635300551619087,
2022-05-01,2282.2448601353276,1.0745645775259582,3.9085639713559606,
2022-06-01,2294.169460713903,1.5404873116228543,4.929293441375435,
2022-07-01,2306.283204613369,1.94737803023171,5.43363180809847,
2022-08-01,2318.4029748834046,2.3441393779119366,5.488568323693351,
2022-09-01,2330.3249106384515,2.5701107987233227,4.681505311666176,
2022-10-01,2342.444120537654,2.8798680863238175,4.434081120146751,
2022-11-01,2354.365366062743,3.2049009937424167,4.58809714560848,
2022-12-01,2366.4849325944288,3.4825462667000124,4.170728716118945,
