Unnamed: 0,0,1,2,incidents per month
2010-03-01,-119.01860224479341,-45.55693453169351,294.10557670201484,0
2010-04-01,-118.87388402479384,-43.27200779569939,261.25975672314286,0
2010-05-01,-118.72384756651267,-40.951681483664984,228.01979777399134,1
2010-06-01,-118.58375116961226,-38.70248815128725,195.50431099855766,2
2010-07-01,-118.45030273297725,-36.350574539164505,162.1304971919985,0
2010-08-01,-118.31957519096075,-34.04694188652285,128.9140717492064,1
2010-09-01,-118.17565671940373,-31.750439380670503,96.27896716184337,0
2010-10-01,-118.04491573394192,-29.496462883705913,62.98708019429092,0
2010-11-01,-117.89602862466523,-27.171463603498523,30.194511399617255,0
2010-12-01,-117.74970470418491,-24.922188083289697,-3.0331603777597445,2
2011-01-01,-117.72973491141381,-24.791735489827566,-4.704540105419158,4
2011-02-01,-117.72551941631723,-24.707377503815966,-5.996777274234603,3
2011-03-01,-117.72999538326829,-24.597309826213692,-7.424361402764076,3
2011-04-01,-117.71403265423129,-24.46164955660903,-8.884466116840041,1
2011-05-01,-117.69766851022433,-24.327912453543792,-10.233350591449984,1
2011-06-01,-117.67956043289725,-24.215252823459355,-11.551688180134056,2
2011-07-01,-117.66636081283785,-24.045518288423292,-13.144341064574299,0
2011-08-01,-117.65478841189358,-23.87417785072521,-14.67722438400408,2
2011-09-01,-117.64595645700275,-23.76901999968519,-16.061193991196422,3
2011-10-01,-117.63677628449014,-23.618056519211834,-17.694779143639007,4
2011-11-01,-117.6210785650178,-23.469089016102252,-19.275857888143726,1
2011-12-01,-117.59740864127247,-23.330162753723855,-20.836059051135276,1
2012-01-01,-117.6027918952214,-23.339291267027306,-19.998306568905736,0
2012-02-01,-117.61995133185172,-23.44891375010075,-18.991523984610097,4
2012-03-01,-117.61948085216213,-23.428139712693273,-18.2718758901566,0
2012-04-01,-117.60626943794719,-23.39744289429888,-17.347741874754934,0
2012-05-01,-117.59799766913368,-23.407667172710266,-16.36330471791542,2
2012-06-01,-117.59104250704095,-23.45052124095115,-15.262551887140042,1
2012-07-01,-117.59751170567053,-23.45788787405914,-14.308236684447806,1
2012-08-01,-117.60038061931367,-23.479939534394934,-13.410730746885699,2
2012-09-01,-117.59806511754435,-23.51647202327503,-12.471641097214077,2
2012-10-01,-117.60281416261505,-23.50546434647569,-11.48769050473824,0
2012-11-01,-117.60406176531072,-23.572758979103693,-10.511450587050291,1
2012-12-01,-117.59889176072801,-23.621302911534137,-9.656113051852289,0
2013-01-01,-117.5993304631276,-23.586962277346796,-10.000181422555121,1
2013-02-01,-117.5841031224722,-23.5623013368171,-10.327667890012,0
2013-03-01,-117.59040910765809,-23.45848633380958,-10.51775020345481,0
2013-04-01,-117.59085505575534,-23.429124672101704,-10.477974867909607,1
2013-05-01,-117.5898471995342,-23.433022853856336,-10.587868554680002,1
2013-06-01,-117.57571622025932,-23.41393034379017,-10.720942403668136,0
2013-07-01,-117.56623890399345,-23.344370509862042,-11.04512284424756,0
2013-08-01,-117.55674185528181,-23.247717568547035,-11.294932236220392,1
2013-09-01,-117.54784144053484,-23.21996625413261,-11.585389823309196,1
2013-10-01,-117.54080515623379,-23.128629649325976,-11.955184503445636,3
2013-11-01,-117.53798039723253,-23.103937653776768,-12.297702933559494,1
2013-12-01,-117.53119614850281,-23.07674270486954,-12.508336735049852,3
2014-01-01,-117.53151970801999,-22.989627779873178,-12.68399088325161,0
2014-02-01,-117.52009548741582,-22.965293289378234,-12.805830805244769,4
2014-03-01,-117.51774052183897,-22.862399493864082,-13.02255191622235,5
2014-04-01,-117.51176661098143,-22.85658932792527,-12.97508087501439,2
2014-05-01,-117.50279165731801,-22.793411782856168,-12.986002872881363,5
2014-06-01,-117.49252597112515,-22.77561906343972,-12.90723078603235,7
2014-07-01,-117.48949927638309,-22.7265680848912,-12.950876351018232,0
2014-08-01,-117.49121868624901,-22.689846755643437,-13.027389174393425,3
2014-09-01,-117.47955799858624,-22.626596711358065,-13.07897306699708,0
2014-10-01,-117.47904185793213,-22.60526053510865,-13.201635289002946,7
2014-11-01,-117.47402385319967,-22.574619132177006,-13.241418748155905,10
2014-12-01,-117.46444316542083,-22.51346802659006,-13.40782456428332,6
2015-01-01,-117.46568910554507,-22.473791889802527,-13.37320322776332,5
2015-02-01,-117.46156700525607,-22.47527194857583,-13.389270404253127,7
2015-03-01,-117.4639400664145,-22.4245995204463,-13.40724974979402,10
2015-04-01,-117.45701724147148,-22.40712956756329,-13.304689607747987,11
2015-05-01,-117.44758732654414,-22.357983191594137,-13.299465196341377,11
2015-06-01,-117.4375578095139,-22.380607556553894,-13.183942421030858,16
2015-07-01,-117.43899478871002,-22.355918355641396,-13.177090547264667,5
2015-08-01,-117.44662418741895,-22.335690884363494,-13.139917494413726,21
2015-09-01,-117.44553016813937,-22.32844939649737,-13.256377078187183,10
2015-10-01,-117.44493135465422,-22.30269206549384,-13.317638760956475,7
2015-11-01,-117.4455786017167,-22.29424823139466,-13.3965930690404,1
2015-12-01,-117.43951138228897,-22.28988868241053,-13.49697684329671,0
2016-01-01,-117.07191448296372,-23.46564814420831,-13.554935364403654,0
2016-02-01,-116.71742755521727,-24.632850344972102,-13.635793537596038,0
2016-03-01,-116.34078922152189,-25.73316959050134,-13.73283636284761,0
2016-04-01,-115.97304380345079,-26.918755746917622,-13.734674867939969,1
2016-05-01,-115.59700827318727,-28.13844205527213,-13.670759888594732,0
2016-06-01,-115.22874463946684,-29.391540435223767,-13.585377137004405,0
2016-07-01,-114.85157520115764,-30.585591276604703,-13.576376383332434,0
2016-08-01,-114.47721458567794,-31.75219421995164,-13.697189167355843,1
2016-09-01,-114.11598045107523,-32.96531700747217,-13.710307232250955,0
2016-10-01,-113.7452824762436,-34.18398387868524,-13.731708807498514,0
2016-11-01,-113.3821114957045,-35.38725975257407,-13.791327071127203,0
2016-12-01,-112.99612133047529,-36.54500056894694,-13.877197867343124,0
2017-01-01,-113.10785242037178,-36.126338019397494,-14.024145333122433,1
2017-02-01,-113.21664819673391,-35.766312544982085,-14.098641269633216,0
2017-03-01,-113.33016051710426,-35.29588261723678,-14.363635653001003,0
2017-04-01,-113.45005819459605,-34.95140161871201,-14.40747243388579,0
2017-05-01,-113.56362275906591,-34.562531779146,-14.443714878591765,1
2017-06-01,-113.67143118222673,-34.20957863938555,-14.432881630917372,0
2017-07-01,-113.77964071491161,-33.76387058695548,-14.56114730613113,0
2017-08-01,-113.88579072751392,-33.32050603908701,-14.740499186321227,1
2017-09-01,-113.99125085016358,-32.88949832151063,-14.981597224444041,0
2017-10-01,-114.10801335554918,-32.505379827530554,-15.176231075342239,4
2017-11-01,-114.21567668950736,-32.09591546881489,-15.449401041705439,0
2017-12-01,-114.32453446876721,-31.686396686530852,-15.673077404018528,2
2018-01-01,-133.23739535463673,-33.89866547928998,-16.0992662611121,2
2018-02-01,-151.4953066017609,-36.186200557078976,-16.50109803807379,0
2018-03-01,-170.40736433077947,-38.38477758571965,-16.940123502042614,0
2018-04-01,-188.9977315645199,-40.60600300804239,-17.220117328243592,0
2018-05-01,-207.90021128533243,-42.85633487857522,-17.536173827236404,2
2018-06-01,-226.4867342817334,-45.09795043746076,-17.8225542416626,0
2018-07-01,-245.3972677346054,-47.36111795263883,-18.136301339159417,2
2018-08-01,-264.29593957397253,-49.55392085326091,-18.587576296751074,0
2018-09-01,-282.88622448116894,-51.75765121208997,-18.985072438507984,1
2018-10-01,-301.79547704085115,-54.001409254624484,-19.3524221955177,0
2018-11-01,-320.38554655644793,-56.20385681076058,-19.71400550295525,0
2018-12-01,-339.29010774733223,-58.45066946989729,-20.13044232186956,0
2019-01-01,-337.2594753679444,-45.2538587106005,-18.945262034803342,0
2019-02-01,-335.24348952091674,-32.910321884738565,-17.8428962830142,1
2019-03-01,-333.1924794024977,-19.586534129301928,-16.7287322714867,1
2019-04-01,-331.14688293571214,-6.6112401380144385,-15.577905994368667,2
2019-05-01,-329.1047307542096,6.611162952664067,-14.407344747656852,3
2019-06-01,-327.06981121271525,19.531500354240883,-13.09326726035652,1
2019-07-01,-325.0171833464589,32.82367444452219,-11.89742019574373,3
2019-08-01,-322.9676709611215,46.06668063096329,-10.725050239214712,3
2019-09-01,-320.93476774694284,59.049016873446824,-9.649279255471752,1
2019-10-01,-318.88872011472074,72.30791686821715,-8.529015454021508,3
2019-11-01,-316.8531192434812,85.2799312296386,-7.43134793981691,5
2019-12-01,-314.80001680919884,98.53490414505998,-6.356378941793814,8
2020-01-01,-269.0608801442192,113.16134949363216,-4.893918542403249,4
2020-02-01,-225.55086012606696,127.11687147859573,-3.4609517640052037,4
2020-03-01,-179.7878006421688,141.909278982962,-1.9271717553065981,1
2020-04-01,-134.7478996227084,156.564238878984,-0.14019165119119492,3
2020-05-01,-88.98478623315441,171.31876664863205,1.561069439495654,3
2020-06-01,-43.97760902238588,185.7266600789092,3.198304829141879,1
2020-07-01,1.7814896686385817,200.3749571321614,4.622403852512864,3
2020-08-01,47.53782824301173,215.04394539686967,5.974978763116367,2
2020-09-01,92.53540195277051,229.36591786604242,7.133350870803659,1
2020-10-01,138.27553907417263,243.9561336266388,8.5049392474768,6
2020-11-01,183.28754002873774,258.3583103419001,9.73562881999683,6
2020-12-01,229.0391208052195,273.0095086587236,10.968069688304718,0
2021-01-01,426.6714422838923,235.69994671945472,9.04887886190514,3
2021-02-01,614.1124055164425,202.0119821501164,7.42704388651322,2
2021-03-01,811.7397201855799,164.70481096253417,5.481679343819568,2
2021-04-01,1005.9849648812709,128.6355441294402,3.747391160021321,4
2021-05-01,1203.6283684464172,91.40592301588389,1.8631239146457599,3
2021-06-01,1397.886856495514,55.3704823916964,0.1619048745696663,4
2021-07-01,1595.5191287145728,18.077649573097514,-1.67745046036916,2
2021-08-01,1793.144400851086,-19.253443036391324,-3.4969611055335683,2
2021-09-01,1987.374564433518,-55.31559748692902,-5.393882203979515,3
2021-10-01,2184.9966421957333,-92.64839127635618,-7.357117218901278,9
2021-11-01,2379.249446414647,-128.70608636040322,-9.32771797302267,6
2021-12-01,2576.874750081177,-166.03465977339394,-11.338751419319337,7
