Unnamed: 0,0,1,2,3,4,5,6,7,8,9,10,11,12,13,14,15,16,17,incidents per month
2010-03-01,35.197220746366916,10.374988018791504,-4.7597517821693245,4.523908938082507,6.792559887305417,7.677153372544432,7.772900047371588,-1.012363227007648,0.1190904713177412,3.236639319023429,2.6911387026769225,4.902900598300419,-1.8805528616472558,2.332213811022436,-0.4764378058771154,-1.3850021964362726,1.400864877332952,-3.205131626062178,0.0
2010-04-01,34.47641571929032,9.599299209323714,-4.1625955716955,4.357586161133469,7.431457950669255,7.245597949301393,6.158013885593499,-0.48114715134121244,-0.3564091958611062,2.9363309097307235,2.007329475474254,3.6847859274246444,-1.8249598349388156,1.752142561944856,0.06534117690981778,-0.7762611170394522,0.914227027850281,-2.5248813118313436,0.0
2010-05-01,34.18184459151715,9.38906793746203,-3.1646897182208145,3.9267250632687194,9.09024274999571,6.108799006537813,5.174219016738444,-0.8247575377023679,-0.5016488455763866,2.2627469195331704,1.4164290317960269,1.0407404845110317,-0.4198563700775082,2.196392867061639,0.057336549726347275,-1.0382871993896714,0.9195239579044855,-0.6530769563212924,1.0
2010-06-01,34.28496755754301,9.725832467248901,-1.7853590020061545,3.0366916467605627,9.656801240871223,5.1836008134785505,3.2706802373827113,0.219286292713043,-0.14822460328815357,2.0658987424898,1.7723471743132966,-2.153798278315227,0.9430269106263836,3.4608667137968445,-0.8559060679885854,-0.10997538749070657,1.0430323996704929,0.02096623699426514,2.0
2010-07-01,32.92064557977753,8.328276755232718,-2.331214205054557,3.310591101369173,10.3787474390234,4.4461626079768735,2.4816993600392743,-0.0823199019351808,-0.49331747433898854,0.6424492203230568,0.06762117097198794,-0.4669078783113987,1.5221122206934976,1.1625702116145948,-0.2908479962668514,0.5212116616836351,0.38023298071393885,2.515985348896873,0.0
2010-08-01,32.44946174038639,7.771436719721762,-3.2756137096183258,3.0464834817551,10.497930812208327,2.2997421683991677,1.2148799143878515,-0.22874881546447057,-0.47197721637523693,-0.36569364450236985,-2.132118105215447,1.5019243002562046,1.6529128685417214,0.09412288370077304,0.06238629527127121,-0.5887600088430989,-2.42632010361646,1.7231314237705315,1.0
2010-09-01,32.204908838247626,7.722559335670104,-3.1080327839475745,3.4043446322752664,10.141597610718943,1.2142210184444506,-0.2869432082269643,0.34138284113527106,-0.11387266533325979,-0.8848000861521925,-2.221229905688455,0.30692346260031367,1.5856363339087396,-0.4721532127355019,0.4599152582823458,-0.05470351414746277,-2.108831947348189,2.074006913590599,0.0
2010-10-01,32.2398719468309,7.491104530864528,-2.703903273045967,2.3017604685425015,10.143603222017301,0.6905306318994562,-2.2030364871216626,1.4918025812734328,0.6317277438184394,-0.7527300740687377,-2.0337951381768065,-1.2949300084765045,2.0768276202283213,-1.3456166492249113,-0.4541509902449385,0.45927884261522434,-2.5590783228033813,2.192219522926873,0.0
2010-11-01,32.129248374394926,7.705498799013348,-3.1231253475081355,2.7799296708911747,9.523291244116793,-1.9466010496395882,-4.879787979574491,1.5904224203774673,1.122941661866639,-1.0926450796945195,-2.2254810487284784,-0.44872495500479803,1.0917391939149776,-1.0638259481160945,1.3957925811232528,1.7812049794835692,-1.6781276015864006,1.3583944214158967,0.0
2010-12-01,32.678170967865334,7.636790466378362,-2.777503336146065,1.7067524656190751,8.643080339300184,-3.5762817726257525,-6.780042578351713,2.656216279315254,1.3496060781019272,-0.45637861993471396,-1.287109184475902,-1.7725419959549165,1.0062499085217094,-2.0088634660421785,1.2185901754217943,-0.007757993755398651,-1.4223137948577445,-0.16574980305859888,2.0
2011-01-01,32.260845238620774,8.515330671957095,-3.029726049481452,2.4315549997189887,5.1605439245972375,-4.087977704670865,-6.505828639778802,4.00006048915575,1.4094293151035442,-0.8137664093431684,0.6122499482794304,-1.7484363827712261,-1.1557084663214776,-1.9388444786319647,0.48990024344959837,0.5933890461717972,1.8078750845369758,-0.40736553278101817,4.0
2011-02-01,32.47277519285761,8.676233173878028,-1.8863468787987845,2.0592957859342427,4.19909355077184,-5.6936218569905925,-6.316708212014824,3.6861094528375435,0.9387516531410827,-0.8364438969553529,-0.6588857518094894,-1.1791505293065425,-1.3280834059826976,-0.3545047500391836,0.5746698953832945,0.08485530115438866,0.6445674997097391,-1.4354101443228728,3.0
2011-03-01,31.754631662200964,8.464688853948669,-2.7826553825457,1.9878079816061,2.794921687781113,-4.622850881444295,-3.9269564041762783,2.435456728735154,-0.0831718342332291,-1.502180446726506,-0.5083516977817247,0.5983299234631608,-1.8708745981857617,-2.361231399213218,-0.07584984462777933,-1.13251490324848,0.4749247637681626,0.3651505635317416,3.0
2011-04-01,31.6259118782993,9.112993960698091,-2.2514030388512074,2.67047693766585,0.13849825606049904,-4.641771903198249,-3.17951589133006,2.514366863076856,-0.5993508549273606,-1.6769492685016147,-0.5495519016152514,0.5485391076488206,-2.4717802829084174,-2.323915001212135,-0.20262021103405614,-0.6550673396801776,1.325610012749919,-0.1892962400838809,1.0
2011-05-01,31.375510705400593,9.359143294203388,-1.3712283802810228,2.5413986600420544,-1.1111951058657006,-4.347028828606661,-2.0851531680255713,1.9715831645030581,-1.1163696611610567,-1.4689039420577081,-0.0595357908002556,-0.8842462094373038,-1.6490057590154612,-1.6802272312456623,-0.5784980452000769,-0.6162897504984044,1.7916573469605055,-0.43213383036099806,1.0
2011-06-01,31.520711231461167,9.918620666683898,0.17823202022869622,1.916805747770278,-2.4346133315241403,-4.214965223893023,-0.8704211446837393,1.8213931591826498,-1.2848605311846963,-0.6903249260111985,0.510156109410319,-3.5474308688601495,-0.9557366749804103,-0.3577596246417043,-0.867179798257285,-0.7074594358797817,2.4065333575130436,-1.3720684122957139,2.0
2011-07-01,30.207989776048336,9.09017449271877,-0.07105069656689089,1.9496365112934808,-3.3367200801080723,-4.0920435919483165,0.476297118690032,0.29843223047297407,-2.3721654425820144,-1.200590941570026,-0.9760904819984846,-0.8753464557581102,-0.8803475651064684,-1.535122209349689,-0.47051632431550394,-0.7159373954019239,1.577083011420988,-1.1755007870440182,0.0
2011-08-01,29.374054877511025,8.95883049480373,-0.5768976234268492,2.188956491871739,-5.095032268200594,-3.8121908464450462,2.1144738047670653,-0.6033577652654523,-3.0777776628738023,-1.1719956598665304,-1.4766160009926224,0.6006023477783309,-1.4250051344283434,-2.365474814505588,-0.0005900606647699091,-0.7673455612060431,0.773983801569361,-1.4722425914463013,2.0
2011-09-01,28.885079777522748,9.080032784986821,0.3883427917864659,1.6454752912532575,-5.906867750454087,-3.824731310551389,2.478724338560059,-0.23028109003649577,-3.075267894064648,0.09766788998561526,-1.309087783627482,-1.0687648776442191,-0.921357988076537,-0.7611892490004974,-0.13241110105833298,-0.6403230204189128,0.42655137379712177,-2.0968745352168106,3.0
2011-10-01,27.826848218183876,8.19584174649688,-0.20686241082619317,1.337016908499308,-6.684825840615366,-3.4240410012812004,4.0743918091165305,-0.7055127818928801,-2.6611143819967533,0.9953083850391703,-1.5096510445973372,0.251562605942969,-1.6126048348131463,-1.7517222734637437,0.27391587024892183,0.4746548573879166,0.1774416329579056,-1.0434052748720402,4.0
2011-11-01,27.29577807361403,7.732840137782465,0.03243469974663071,0.9742248260773787,-7.555603359273689,-4.185537987285373,4.944488368580854,-1.027985341608114,-1.6718799771447093,1.690871989830972,-1.685820097646082,0.29697826560863627,-0.6439472019230963,-0.4393531777302444,0.6618071866296622,1.8195495289906474,-0.7562603604628662,-0.9634309002402486,1.0
2011-12-01,26.835295744864844,7.301455146315041,0.42962735149317566,0.6355401301498944,-8.227720087120638,-3.8618190217065953,5.418451028497669,-0.48178323239472687,-0.6737938355324611,3.003165329212608,-0.639642823250937,-0.9027162515066334,0.8669554567667705,-0.17503284073704362,-0.17352585596720083,2.996599867871498,0.29101388854285687,0.31982465760705003,1.0
2012-01-01,25.997055526098475,6.304629337960913,0.41972038308393844,0.09961760660436236,-7.8675940637853765,-3.1058613112165876,5.168436032512784,-0.4446915477076374,-0.2572314485611803,2.300218358403838,-0.19966170359707458,-1.1270254194358031,1.1437736405009706,0.6496073707641596,-0.4485986415904512,3.599544094244137,0.5327009815674238,1.632037396677942,0.0
2012-02-01,26.04706421313052,6.473437110825451,0.9622694977397983,-0.6693446832663164,-7.505470080807317,-3.6681658877229064,3.333612523181376,0.0791494881593533,0.14702474408822036,2.3007101541649746,-0.869212733640162,-1.6594729227444178,0.5114069320051642,2.3362823290517762,-0.35340183940219977,1.9580563472461827,-1.0939035439302862,0.3625501123609931,4.0
2012-03-01,24.731622561436527,5.41211194423537,-0.3853613603455357,-0.4095752069713472,-7.668710903294071,-2.665569905063472,3.90427103905413,-0.894495713880755,-0.27483530291933805,0.8407469944457499,-1.0365624395895698,1.1943680865583604,-0.7503256275013306,-0.06572747503733489,0.0950418533346635,1.329955523477379,-0.5816614758406595,2.5185916091253193,0.0
2012-04-01,23.993414210774528,4.725469524575184,-0.42372814760993216,-0.6926396723052928,-7.293681453169195,-2.204148750185607,2.950415402504531,-1.1171323137624112,-0.025238734145556108,0.34082680630392165,-0.44001293412651493,0.6930052872991918,0.3712472615235755,0.762528805895069,0.18101376354133614,1.9013302156347953,-1.070148331498596,2.117156898655044,0.0
2012-05-01,23.640253544640284,4.100396304425122,-0.19250737663649709,-1.235478273035231,-6.722519860093509,-1.5618155681048018,2.5825174384955853,-1.8731060906356993,0.13286465261225178,-0.0266720591642558,0.21841501856903758,-0.5881187247644355,1.4034473441388617,1.1433572070191875,0.48260922192848443,-0.0071531710907286605,-1.8310942367191538,1.0737897937206655,2.0
2012-06-01,23.598560023232885,4.280268961778539,0.47321739607254176,-1.2033836820392558,-6.198540509542078,-0.3482436837109859,1.5126307579405713,-1.6645819244383881,0.924892086174491,-0.07864832808695316,2.239343215868273,-3.776891446951729,2.116310492678619,2.26198851733216,0.29859982450919814,-0.20363966534625622,0.30298064699005567,1.18893653714271,1.0
2012-07-01,22.381411430513456,3.237686403942213,-0.6972321449133192,-1.6163035800883652,-5.920525103584419,-0.3451730811154454,1.411616682885065,-2.6000181541804723,0.6901779443910135,-1.2637502830972873,1.4350112971971443,-0.8440536127038245,1.8398881293524045,0.5888224944608411,0.18849034917256452,-1.7487695444154456,-0.5074097219221196,0.5744095339842061,1.0
2012-08-01,21.812011120801046,2.5104723063293575,-1.925608250480093,-1.287915135368774,-6.118426018340039,-0.4931087841299491,0.42771597520427285,-2.7306066582167725,0.7785115866817279,-2.408307926718174,0.6058523252774352,1.5337120960461101,1.4331465157430858,-0.2630014676227128,0.2327715626502807,-2.8154463239566763,-2.014140130704186,0.34558954241418144,2.0
2012-09-01,21.57042280918244,2.367324606966661,-0.9105033866196853,-1.838236253617429,-5.604504707513315,-0.6092842062707189,-1.5242374735239057,-1.882199095219159,1.6632898189894703,-2.4403462627399954,0.9421440029996851,-0.050598973768909095,1.5915144291081342,1.51785457425019,0.31056936576510935,-2.567940823339514,-2.121294107837946,-0.8448931052846878,2.0
2012-10-01,20.781171482715294,1.126392378569843,-2.2364316404606446,-1.9331347784722062,-5.2866499794107975,0.031130195949016004,-1.085178432008521,-2.1904742196768785,2.9168349447133233,-2.701362939489338,0.9218498365295427,1.4181599685527142,1.4989457819105114,0.5162794433614319,0.5483114975940659,-2.4968314585788614,-2.064173143070163,-0.34692010729982425,0.0
2012-11-01,20.367254250693115,0.0886871501579578,-2.817045739514459,-2.179208772651428,-4.455716379667025,0.3906188342244532,-1.4817846589604922,-1.8667208100604578,4.471929000342735,-2.3869157392416973,0.7665155435114659,2.0636756411112445,1.8717727947684346,0.0823363313256058,0.29047342932189024,-2.554422119887926,-1.971741118898305,-0.21693685529725137,1.0
2012-12-01,20.226071682461246,-0.3788837562041485,-2.459064455237921,-2.5423120118122258,-4.066887477190392,1.7804014862351774,-1.862293965707101,-0.7836731296449195,6.123711500858187,-1.3672266242767666,2.71169061083929,-0.9394446466294044,2.757702884054719,0.7403217168777666,-0.21288832320526652,-1.749867072901961,0.07877831403167618,0.5376667006111149,0.0
2013-01-01,19.328015299596387,-1.638036399087769,-1.41139463197463,-4.053371149800024,-4.220580202492493,2.722150249827796,-2.2622878313793455,-1.1416352297038683,5.4232376787558785,-1.188359580524968,2.5715539992566407,-0.46687766656184215,1.7330884462154095,1.3601101728640512,-0.5609209024389382,-1.6670571648594619,0.1592568874482192,0.8654856892402992,1.0
2013-02-01,19.200546199119735,-1.6423469359108884,-0.5638091280634112,-4.629469342451044,-4.087907864540586,1.3902240151082674,-4.178165106571742,-0.06634879469206101,5.5538464003998005,-0.6214215086454259,1.5629585342864782,0.12196455942360734,0.9025633985310257,3.287051833670387,-0.6942872672724849,-0.756487956063757,-0.7748274211967177,-0.6343408232837562,0.0
2013-03-01,17.985544851102244,-2.485006641177324,-1.869660466442533,-4.085494560715894,-3.634792764713298,2.458175264049194,-2.7534764446472373,-1.9833083136594798,4.072857841038486,-1.767935330280543,1.2557104530289191,3.1545061311733003,-0.5766835038096342,0.7032963440919124,0.30108677160911335,-0.3689377442697961,-0.5107541103492592,0.858888799117342,0.0
2013-04-01,17.390282441506997,-2.457425100897698,-1.6055967988090707,-3.7073389031734996,-3.5276569941226845,3.8010929606369706,-3.310726725042149,-1.4253185994996658,3.3876956560724816,-2.4695728406618183,2.1638807119223973,2.9014368878566046,-1.5557561832855225,-0.04352689015150113,-0.3985074344879116,2.4348278640172123,1.462112378035084,1.1639195188456313,1.0
2013-05-01,17.633506736955372,-2.6875170814631577,0.14437132690938193,-4.5097078625153335,-2.4300975620303764,3.9341250969296935,-3.3839031706640865,-2.177051218559147,1.4915247923318544,-1.889026306485083,2.200905283871312,0.9902424675326887,-0.5764713474901751,0.2428110851604386,0.018719518626220122,0.9733631956209841,0.6906903637673912,-0.07370589626698609,1.0
2013-06-01,17.527415172736116,-2.4256619694327823,1.71392871638465,-4.635905265710384,-2.5459098044989004,5.6830163506757385,-3.7830522312864767,-1.6156369926216612,0.3723473365070256,-1.125066446814564,3.6902749560309296,-1.65509831426661,-0.296497114686455,0.43177666185235064,-0.2984556252712678,2.026202860612904,2.1019398589098195,-0.2722419566288006,0.0
2013-07-01,16.753457313837497,-3.1230484859899166,1.7977502472805118,-5.182394009621789,-1.823224428747027,5.644858970849808,-3.2762993758362353,-2.5926229516726496,-1.2269164004105106,-1.198746989011648,3.418462720026992,-0.313798659659803,-0.7265326022039255,-1.0753889905528098,-0.1749012568010233,1.719217390039017,1.4816984653796412,-0.9020949499041542,0.0
2013-08-01,15.64833685957198,-3.467291385477583,1.2722837513454495,-4.838128280468661,-1.5750249642174179,6.147820839722723,-3.2576045631269226,-3.095798747761301,-2.0779241730812252,-1.5360808960769672,2.053212169324732,2.3413991495304973,-1.4339904653174596,-2.7540809271332867,-0.2163330261316121,2.6167351376709322,1.076921561991253,-1.5893943362454874,1.0
2013-09-01,15.019846724218365,-3.91131262961707,2.492226427070161,-5.502866205031283,-1.7179108181911231,5.168975471852079,-4.332391710988021,-1.5226583299459302,-2.2568365595342526,-0.41038988106412544,1.4614995044223296,0.670868837579342,-1.6459213458113473,-1.2886528799974912,-0.3510922007555226,2.0908470727364783,0.13126403312910062,-2.7554321766837058,1.0
2013-10-01,13.928179682405332,-5.139937685406362,1.6210915846344678,-5.584206979754894,-1.4497205381017548,4.943488280919508,-2.966299794633247,-1.2324620049283965,-1.5599520896859105,0.8008822328274292,0.7865967982614062,0.8580136431169729,-1.8654299891410475,-2.4536297434605268,0.1433059997144125,0.969829480271754,-0.11805380271854736,-2.065045172699109,3.0
2013-11-01,13.197566624410008,-6.118553232086282,1.3456263871068637,-5.784502652303409,-1.1323910088743854,3.5146412174357176,-3.573247139555492,-0.39638934286113764,-0.5472973205411567,1.7286058783274858,-0.5059150530598765,1.197623335257447,-0.8232721329815573,-1.5551689028518674,0.4485030781218481,1.798491701435151,0.2815591715714334,-1.4567232472252527,1.0
2013-12-01,12.605142785516716,-6.779098343993716,1.829219658369621,-6.596173382404292,-0.31133666112717195,3.013819025664003,-3.1062942612760103,0.37160271032381964,0.6495199827625027,3.522486835257685,0.08571408237985223,-1.256106003961018,1.1457434636369155,-0.9451174562319552,-0.2056663579079706,0.7052096921013659,0.8729705802779048,0.26598057855285584,3.0
2014-01-01,11.100546418241926,-7.609471442926724,1.1500886909133183,-6.60169869120356,-0.8886863499131175,1.9505422251086992,-2.7203233875406836,1.1264061794936007,0.7019825117469224,2.5740795196081825,-0.5424059556284133,-0.6475480460885416,0.39831922923425944,-0.42341686835661696,-0.5068712687938834,1.122573391240536,1.4432818709669164,2.1979502301470735,0.0
2014-02-01,10.53630953468184,-8.254081433306421,1.2149817230235596,-7.821310267199532,-1.0386217417309382,0.23133695555982503,-2.2396921525953895,1.438775243790346,-0.3397936892025518,3.7491850227421804,-1.774119307830514,0.14510594859292858,-1.3922638022832308,1.0230173730674617,0.9534058458771439,-0.7723948557493334,-0.6680594156642572,1.3286354917653522,4.0
2014-03-01,8.961690484326896,-8.928260909443212,-0.2390898166154826,-7.473359726557282,-0.5331078303843795,1.7367047043712032,-0.3388947892616303,0.11942368554014382,-1.8316616026562902,3.7134697167857817,-1.1730343565195054,2.3642058974114377,-2.9755222851113343,-0.6456885548705703,1.9707188508860414,-0.5426061755053385,-0.25491403248983624,3.4984409290245924,5.0
2014-04-01,8.867373474237397,-8.989601311355994,0.7363252735269892,-7.97817996717933,0.2744706756546234,1.7507890326429143,-0.6353976609282388,0.11874730995092198,-3.2456517523694726,4.915565987708239,-0.9998819906269596,0.9702036940648977,-2.457269233720742,0.07588981462697383,2.8486378380131665,-1.5449623424571,-1.5137889624017027,1.9194064096514727,2.0
2014-05-01,8.293996252480317,-8.812800229196181,1.316166886959256,-7.593485905448121,0.009350121588748848,2.705334807881012,-0.23175263610853358,0.2924225100619853,-3.279311058585079,3.6643848757786657,-0.5977984824873082,-0.7191387415275659,-1.682978990936212,-0.39589350700245973,1.6270453824270135,-0.964637853916869,-0.19099318772979929,2.264101836672319,5.0
2014-06-01,8.320972715386587,-8.454797999369214,2.533077343147854,-7.18564020417395,0.250905415379268,2.7191621474058474,-0.25516142641759026,0.570275853930907,-2.9604056077179752,3.0225469128732216,-0.07092033302997328,-3.7757281030578205,-0.2652654595272324,0.6600887158530043,0.45550121814776373,-0.8410615309658699,0.7759865681733206,1.68293912131577,7.0
2014-07-01,7.600109453394018,-8.911410612773869,2.0263660360642204,-6.726410698939144,0.2127433580126066,1.7194672347242053,-0.405421782109707,0.12277178441419123,-3.455066669337374,1.2434361790368211,-2.1323812235377755,-1.5092875867979607,0.2280052876415543,-0.05416312968746509,-0.2513842525910883,-1.6936006195221496,-0.5663127435254256,0.47057332658883544,0.0
2014-08-01,6.744641447378206,-9.029830065929707,1.4041564565869415,-6.059064473842382,0.5048686306769251,1.2827441056208269,-0.8224851903722508,-0.08871135720214773,-3.6181434088834505,0.17604238199146888,-2.9194274259916053,0.5044462392775109,0.07558889994466467,0.05766770313011879,-0.5625021561744918,-1.0028143689180091,-0.8851728214790389,-0.6154135320392258,3.0
2014-09-01,6.020540284928297,-9.448430715836466,1.7262453346770774,-6.412062080111947,0.2563145035498089,0.8810561614240909,-0.7115938807763208,0.507550429195081,-3.5246730087425027,-0.39672581209962887,-3.0824150912467876,0.4748906513606599,-0.8182774529702408,0.22993626913450288,-0.5503354354426796,-1.1974491995075085,-0.9285363408596738,-1.4438532485577023,0.0
2014-10-01,5.580877039270478,-9.97568205077799,1.234349472868402,-6.329865080560268,0.37254386486625657,0.1081369941732312,-0.2695177029019393,0.9805192197595847,-2.2024550367464033,0.08279052469115784,-2.8786016335877656,0.3902398322034457,-0.12297989151298705,-0.012212030445660299,-0.6009151364709622,-1.3294852345418258,0.1068785268736979,-1.846704573804526,7.0
2014-11-01,5.412745092650643,-10.433175833572871,0.8334603744584649,-6.4413861647771276,0.6105415641897364,-0.0359649855054307,0.10464646030382752,1.8418427484224527,-0.955122644869517,1.005966681784934,-2.9024595502067214,-0.3169297467988059,0.44256977296145394,0.2175314713631483,-0.9070702426974107,-0.839808821365184,0.3718278576078716,-1.8911415366873061,10.0
2014-12-01,4.823415782565277,-11.491851805882442,0.5512383756766557,-6.771715005887483,1.5231419535806625,-0.3527757731701271,0.7473063638873232,2.124476922480366,0.26204599154795427,1.9916650119619068,-3.1595365508509903,-0.8041029236389603,2.211895285168512,0.5490785047401697,-0.6790072665767329,-0.40864311917389623,0.5707040511647986,-2.0659420028073714,6.0
2015-01-01,4.15602048555502,-11.46727683590165,0.6606172337669549,-6.230077708529577,1.0041777707468715,-0.8861053221311938,1.0745065007220562,3.017343050710686,0.261618578426716,1.4168314378623634,-2.76843132470848,-0.7483694470658881,1.214326348788061,0.8991126989037315,-0.9798234022139198,-0.060617023828002825,1.0485069326514262,-1.234363206237116,5.0
2015-02-01,3.9601592920589144,-11.742859025015061,1.8575110143452433,-6.785090269975306,1.7419485288142282,-2.3664344393105288,0.18436538598678087,3.786046447444863,0.6273006418927443,1.1863509114097324,-3.5608120869452566,-0.7987159933177962,1.4203997735025644,3.130750442387728,-1.3016393852877115,-0.40727550145711683,-0.9864032290290529,-2.2980620467004047,7.0
2015-03-01,3.0223132294753805,-12.136107736019765,0.9162044417090941,-5.607885216187022,1.959978393296307,-1.9572665635935111,2.381565281707255,1.8753480487827738,-0.7193800183018423,-0.8485436957002722,-3.691122102325445,2.43124489706182,0.8345613169562824,0.07645228445010355,-0.786331949013664,-1.6749589138704932,-1.395179286726581,0.26414858306421973,10.0
2015-04-01,2.923632137390949,-11.072966963271782,1.5857206978788796,-4.454670092076942,1.6484467780935919,-0.9501003665010423,2.3116141329574384,2.0784542684522793,-0.9561558361599912,-1.7503643828876667,-2.326864885785068,0.8978777476117794,1.460026950664269,0.34469948723391763,-0.9294147739812223,-0.0814317200956447,-0.027262176624052337,1.4904725175500437,11.0
2015-05-01,2.1710979075153056,-10.890222297521085,1.5928838585695408,-3.0966575381048957,1.9505045324728705,-0.12689627545538107,2.9898589491684504,1.250881385640364,-1.6294766484385976,-2.9411730606279103,-0.7226615246877007,0.7073219828163206,1.29619571061326,-0.7772953446052349,-0.4979437655377085,0.3780900804350026,1.0821505264503488,2.3497454590658604,11.0
2015-06-01,2.289197537435918,-10.087462108681562,3.9012261791234253,-2.5013513504158675,2.528370340311556,-0.3061741550883733,2.2375484679806075,1.2535497429606377,-2.016184617138576,-2.6643612530683534,0.7405271960362787,-2.631057915415006,2.98482048027729,0.940910792575371,-0.16043251672935033,-0.031097897964208476,1.8306564920983934,0.7968399225321255,16.0
2015-07-01,1.361627761225959,-10.204699996000711,3.6087120413174096,-1.4672836416039479,2.6187481485412323,0.27712748167923884,3.401472659187295,-0.10160206166475472,-2.904881590671306,-3.7817221576251923,1.2358103751397664,-1.2179011098382266,3.467108005851963,-0.53934446928976,0.419443300193553,-0.8036002150246553,2.805452869921097,1.1732726182096807,5.0
2015-08-01,0.8646976398924509,-10.00240625284063,3.5063950928172014,-0.3359529457100704,2.386947363421953,-0.18220460444540654,2.8268529199158934,0.33627198773804784,-3.1766013893139773,-4.780264833723036,0.881981559753527,0.4347370599604462,2.8600148121983935,-1.4201332908772264,0.5284858897272688,-0.023819096299039333,1.4635984268864657,0.16994952507823452,21.0
2015-09-01,0.34011753449972726,-9.964866593956158,4.121767586005728,-0.5794617285555184,2.4360435839935137,-0.8909290094692477,2.0764071755055,1.4100293927291487,-2.296786469635482,-4.41523149297114,1.066636167335508,-0.23343032377259382,1.9105182484046754,-0.41114512842867873,0.26449346337853463,0.11045457087747157,-0.4080914773022982,-0.7305963900007143,10.0
2015-10-01,-0.32266139477837463,-10.680838633675071,3.2625594818685073,-0.4227238747732558,2.4304057587913506,-0.7755886199698071,2.919357783127762,2.3626322640762973,-0.42237607726727355,-3.5389445992805855,1.5875837757833726,0.4550889323797536,1.344949657083473,-1.46973982072969,-0.39017126547347825,1.3556582938370891,0.7641854867247138,-0.0761590067836817,7.0
2015-11-01,-0.5154537274458849,-11.83234510222961,2.3736857520858226,-0.47094053428885774,2.8193059358804007,-2.048072994733568,2.9153601494771904,3.138550673230239,1.1821224997050352,-2.5024719125024806,0.8995690761543204,1.626848615037932,1.1268512862997406,-1.4662164503446007,0.4970169330963903,1.5717469041667331,-0.6767034753622211,-1.1512631304777718,1.0
2015-12-01,-0.687393322161501,-12.272511087911605,2.823517636279307,-1.0081646768625203,3.206454051714436,-2.316633317701601,3.624036227305928,3.9699782192042763,2.989864218839646,-0.7635087186688062,2.551393480624882,-0.458553678114608,1.786913901686824,-0.5708307048636735,0.92120713494351,1.9531624147265598,0.061060168787931274,-1.0084572374121814,0.0
2016-01-01,-1.3929945535770123,-12.405856568634286,1.9496989063876544,-1.1699188925749722,2.4930485608326123,-3.401122173566981,3.838645625587323,4.0262824601090585,3.185537562867787,-0.9863947267109815,2.56748878373278,0.6154925706720047,-0.5457644360469839,-0.2237897349823148,0.295733770001494,1.400110450891086,-0.48798080991064496,-1.0834630182971672,0.0
2016-02-01,-1.181193808782563,-12.316722759905804,2.7650980632600346,-1.776542052585724,2.5817754519676512,-4.636653246290431,2.595322534686619,4.967900072670508,4.424214898798524,-0.09805619015008676,2.6142172863882838,-1.0175006153309136,-1.658235947658465,2.4719470614794568,-0.30217431330714334,1.762294209936458,-1.7345079206617768,-2.446067605466463,0.0
2016-03-01,-2.547211102239703,-12.400472490895652,1.232364318788866,-0.4956930270452564,2.789267713561749,-3.566049542090209,3.9824230882962777,1.807888297695505,2.943709967973737,-2.0968769402301044,1.9080378550483172,2.7361426838388376,-3.5976144492787254,-0.20244578708470867,0.2722649313268289,1.5211907588951272,-1.2437936907108855,0.12869273070264586,0.0
2016-04-01,-2.744280029311049,-11.560141331343935,2.1254302084977836,0.2960796554096199,2.6701068511849124,-3.5748044150274376,3.2024567800944173,0.6463494382233927,2.2765161251247483,-2.3467325477980867,1.898063263971202,2.1447786837935636,-2.8190969609739653,-0.3736701959080981,0.26405872976622624,0.7060647493361758,-1.0647620473975339,-0.46012973966283155,1.0
2016-05-01,-2.90935958317373,-10.810686113216411,3.1584021646606404,1.7717117560434879,2.929228608836652,-2.7592060634474747,2.835749586247533,-0.7445676580983267,1.0516802143232273,-2.382735548799631,2.0454206769260437,0.7375787193683179,-2.585923586872461,-0.9318864442497357,0.6981202031615116,0.327193714731024,-0.4483538724911379,0.6744770682027998,0.0
2016-06-01,-2.432353826671256,-9.672110452656696,5.107578577189436,2.2292820241638713,3.381354303885658,-2.392780352132599,1.8445255940233585,-1.523773112718232,0.3298979294038506,-1.7197430946306596,2.5342367287162597,-2.177875852500681,-1.2436883808231898,0.6890838671177378,0.5792932667927976,0.263889677826612,-0.16966728723651037,-0.011521909235827965,0.0
2016-07-01,-2.798234238868286,-9.407735153349318,5.488954610963037,3.0736459774652882,3.4620927995723685,-1.8398133696016992,1.9363007617290562,-3.2035222063206286,-0.76994539674052,-1.8746577754676435,2.3279761562479777,-2.0934257179758826,-0.42418295563045233,-0.1295248173796063,1.1145605591335663,-1.2991305636386994,-0.686887700944954,0.36400345526095707,0.0
2016-08-01,-3.5629831422345233,-9.023008736807292,4.7558195565462205,4.414103516212074,2.67185619308419,-1.8738843030076384,1.3819112978434105,-4.228752257589371,-1.148070866752498,-2.7856296043561417,1.4099194069921297,0.5500792786445564,-1.0715031217417221,-1.7634093365120207,0.8329669745319903,-0.4769672677246416,-0.044174916130071296,0.43111065354874567,1.0
2016-09-01,-3.7925606595070045,-8.12311976539291,5.759160344553694,4.195928664164222,2.754541254544134,-2.1308375614518695,0.7713661970406818,-4.2605578248783305,-0.2388498470850472,-1.7484081756965582,1.414142233307911,-1.3808717621773257,-1.8434906310243435,-0.6543006870854686,0.08632484630911402,-1.120620271477468,0.44166637704278683,0.23543342825190303,0.0
2016-10-01,-4.144151067192171,-8.40274861325095,5.1107538234314225,4.433381148477063,2.7884819587969925,-2.4685401592051575,0.3674331380645459,-4.365257225771725,1.0771805069653846,-0.3001464847559693,1.0665663015948341,-1.4554222350010115,-1.537064573149887,-0.7534664667153641,-0.4321744938178993,-1.4508947609776417,0.8198930288619193,0.25991561798042506,0.0
2016-11-01,-3.955891259186674,-8.444377967033839,5.458222914227967,4.114515492434003,2.698605956997269,-2.9076352628725908,0.2853595783921116,-4.229059925667482,2.2947641176666744,1.960019666888333,0.3085595324834126,-2.403198939340852,-0.9243169905099053,-0.8130397694031928,-0.5995687450952538,-2.5623315664192043,0.4420969518896235,-0.6211356871839236,0.0
2016-12-01,-4.544876444798793,-8.577636183624163,4.871083741331456,4.817860662833935,3.240989473834359,-2.2070660283235615,0.5664447450506973,-4.284521036793188,4.084949588986219,4.295644300547971,0.6299520139426544,-2.9081244367732513,-0.8798856173661962,-1.4271201006015233,-0.704630601081775,-1.0297340688497383,2.2851587229603205,1.1318578225730398,0.0
2017-01-01,-4.9565275690208255,-7.6259787008399975,4.537795880048347,4.862870534969043,1.4467772992363195,-2.427684227526839,-0.25984686119551814,-2.9813305907864387,3.600510340268409,4.372348137092262,0.19287085730394782,-1.7300309217438221,-3.292024229750568,-0.8333215339063491,-0.8073039703407239,-0.6385502997720157,0.7798444649680545,0.8484865092552242,1.0
2017-02-01,-5.172191798532855,-7.375805960812456,4.861810376866463,4.859729524666929,1.5833383451863852,-3.4259213612507247,-1.7091575612900751,-2.1529317461767947,4.128990494368528,4.572347045357111,-0.590048189590014,-1.3685170738160433,-3.4668771829478513,1.1151656449389735,-1.0368160697100888,-0.4485076429445989,-0.6365741173773722,-0.04865994914663041,0.0
2017-03-01,-5.689956521128921,-6.849801133341023,4.0712302734777355,5.517010238519082,1.380280004983379,-2.345231808073935,-0.7621801192303432,-3.557000081658102,2.6083679096698034,2.9256630134188484,-1.418729804347796,0.8954304434121236,-3.7325769665944675,-0.06092795281948338,-1.2379657915847428,-0.6895649591900738,-0.4320896103629058,0.5784491886101326,0.0
2017-04-01,-5.459995792976097,-5.678314072086833,4.597255099084953,6.359887202175178,0.8136070759548503,-1.4295745947025953,-1.270294123061635,-3.3400328825431145,1.5436024570140847,2.289416780723491,-0.9592171667294118,0.07434389254748508,-2.6422108698265285,0.20252836903160853,-1.989113568979706,-0.5205536487975013,-0.01966053092383624,-0.17063239054406984,0.0
2017-05-01,-5.379810311068139,-5.190174602997459,4.8435622877845415,6.689761534275686,1.032253574975643,-0.914172035138044,-1.5556025660559878,-3.8262378332748526,-0.05049648593694035,1.44058736493291,-1.1885986631505403,0.3603290867525858,-0.5362051639095297,0.49531108761320347,-2.472194462856125,0.7373030177443447,-1.2299991483888975,-0.12076389717448638,1.0
2017-06-01,-4.996512069679828,-3.996199402687819,5.7968948004673795,7.358780670201981,1.1835032817648554,0.22317758207477412,-2.0639957001091402,-3.6944533432327615,-0.9886126435001403,1.1332867188337248,-0.6701899567120244,-1.84628768179008,1.261028988387699,1.377479464766063,-2.8617907567480185,1.9604828961662326,-1.310188892277137,0.22721060180740177,0.0
2017-07-01,-5.413615673038126,-3.6183202507142194,5.217264232148292,8.266669467171237,0.9547051758383012,1.1670013861450728,-2.0945293861712924,-3.9145711884216827,-1.9303158555612465,0.4991045902161342,-0.4680310907773442,-0.9981200245690944,2.842311086615462,0.2506911132405717,-3.194719011070797,3.3857060898470976,-1.1348234073230516,1.564016077253329,0.0
2017-08-01,-6.035661848150675,-3.000295766586854,4.788508577703692,8.530244217253689,0.3429673211375015,1.3851609295400755,-2.571917656875585,-4.857664837682963,-3.13928171684446,-0.15446103485319534,-0.4929616131353509,1.2538201290483904,2.8423297009264337,-0.47203767558582865,-2.2672588351008027,2.717366021540474,-2.1539925852387856,-0.13941330143265745,1.0
2017-09-01,-6.964285348269273,-3.149137971258427,4.547344579605239,8.491779325045371,-0.07834488591055865,0.09537801156352416,-3.3932411777408866,-4.211318583348373,-3.5017004015697593,0.1701307674080386,-1.094182787887493,2.262859988328719,1.920936908838141,0.31496188020217963,-0.33324548270041554,1.7696130297989048,-2.4422410631250044,-1.309374098022214,0.0
2017-10-01,-7.229412793205556,-3.073538568834591,3.7216792174494664,8.230524243393447,-0.5962497386157734,-0.23164585798463008,-2.703138270096762,-3.120066553096602,-2.632364637931746,1.4494391194747054,-0.4308606756034091,2.012149008401467,1.9586348116376373,0.2959582403253692,0.5478316980836814,0.27574580216376565,-0.5453754452588213,-1.9107121863327627,4.0
2017-11-01,-7.4212137328080106,-3.3853452065081653,3.2561148746802777,7.957438542135124,-1.4123397137390326,-1.0197231613135476,-2.724453840444096,-1.7538836594000875,-1.3614655345856446,2.149212782409138,-1.1064821808363399,2.2915908381832617,3.41882781839507,0.24100378369497144,0.8593126434176239,-0.23950204952236276,0.40227472275030557,-2.396968390947926,0.0
2017-12-01,-7.898982720975451,-3.8613154553952582,2.8983586990975176,7.894223754088417,-1.1239508794904502,-0.964361910268813,-2.1376250293745467,-0.7794682054954137,0.14306700053950183,3.0305672321075003,-0.5977529923221786,1.235138655309926,5.35463200484637,0.07679121214199014,1.16138012320511,-1.0598071023026878,2.2093189217263336,-1.5083544270760103,2.0
2018-01-01,-8.815448724550166,-3.7974437177831444,1.9166549721950834,7.626004576152786,-2.357884676986916,-1.805232811342714,-1.9738236396169562,-0.06983645993514725,-0.251494919529357,1.5633290740391401,-1.3218305611335726,3.0244440235156644,3.9856398873671726,0.6267169389591473,1.0954259221444624,-1.6057009925339258,2.3820891598108993,-0.9844343038271067,2.0
2018-02-01,-9.660089445730161,-3.987416074718491,1.7304449162779107,7.610122701854107,-2.108002599098293,-2.374099133451952,-2.4192767204255943,1.260661857010577,0.16888598266804983,1.0303466086166948,-1.3242922135260247,3.959656558628653,2.6639805045952594,1.9103457851747472,1.631264054666217,-1.0567592508333539,2.6926776724175214,0.1633408987368996,0.0
2018-03-01,-10.65209896996458,-3.8857393712876083,0.5107234253119529,7.665601012820745,-2.565843008733796,-1.4980165237241017,-1.7314874494091939,1.1702322712190203,-0.7449274330733221,0.00834217200527762,-1.1588552537119177,4.936992615254687,0.9960078796703731,0.991239000576843,1.974536619761647,-1.4337031034491299,2.37412771466635,1.860543411810586,0.0
2018-04-01,-11.169349369515935,-3.283489134650379,0.3306553180249595,8.008770233596282,-2.958563447554657,-0.8021129764747646,-2.280771843801475,2.0590580944000534,-1.1217230153533355,-0.529240505522207,-0.24118749885516602,4.018547957513875,-0.045643237414689564,1.3306760246025435,2.2229135351181775,-0.09016438914358371,2.0616958900049887,2.0593956940905933,0.0
2018-05-01,-11.450694121896115,-2.5051464227873392,0.6470860811658071,7.859210675825389,-2.9624059998513657,0.5480922045005449,-1.7259723300395775,2.5418336037128366,-1.5292478972117896,-0.10192379106185745,1.0501480247923873,1.5256752491808607,-0.5658455436547848,1.0447332836492558,2.2734040021490616,-0.34185347781559416,2.1206681103354614,2.2218128220107634,2.0
2018-06-01,-11.195708070138611,-2.082588233496541,1.817271874683935,7.1663913059872,-2.9230565245917397,1.1947109593379799,-1.7638937790479876,3.4897723933750187,-1.9189815784065234,0.6537908678453648,2.055230974789337,-2.355545300427459,-0.30790771772276926,2.2205877532875054,2.7014545581104903,-1.0916664962925022,0.8900307740469544,0.3769016837152377,0.0
2018-07-01,-11.562924098000272,-1.5903975836473516,1.5690339729236227,6.873476404661271,-2.929627396741988,2.015699647970021,-2.1965059018602777,4.217044052481851,-2.0316241132162305,1.1004896207632044,2.5521015006094423,-3.1508009829607198,-0.9784382506391344,2.469547925432643,2.6557580562539913,-0.8302381920378625,-0.32712390252475615,-0.19660097563489476,2.0
2018-08-01,-12.427506328458584,-1.515927321989369,0.6484641375530604,6.562041916589885,-2.8390393060369665,2.386198596123399,-1.5604855755167757,4.030146940994802,-2.0850283434873442,0.555771276161305,2.4758318941961206,-2.3548760572847076,-1.812952093734578,1.6715342031670377,2.5293521781012047,-1.071996259903163,-1.7235750159848644,0.12743988946670237,0.0
2018-09-01,-13.006772915250014,-1.5211009526233996,0.36995706143673535,6.475115258713213,-3.0918170883906457,2.1352276458888344,-1.6262056447933542,3.979091706715093,-2.2709209417356924,0.4584403932870433,1.3510452105013584,-1.5180358094822843,-1.6990868458192818,1.8671110441523462,2.8941501832403445,-0.4488111684727699,-2.521226586452227,-0.4914762181648038,1.0
2018-10-01,-13.019650170454382,-1.3792667865616344,-1.0335841208900036,6.560126401982439,-3.600642657873111,2.6974977504895477,-1.1464738499016216,4.804425439439461,-1.2670593545920426,1.0244788835463932,1.350761808469629,-1.049922824911063,-1.2956761981359504,0.4613298196467265,2.0911132524109903,0.581658239862921,-1.3854467959099677,-0.06445833472664209,0.0
2018-11-01,-13.29676401606537,-1.7103306386432982,-1.8966182370938838,6.206875698469874,-3.289906683469431,2.8356736362585573,-0.30829043675411705,4.9442592101381155,-0.12434999941428015,1.109081939395778,1.062310820334043,-0.2026878654680525,-0.0845035094048903,-0.1514525320471254,1.073066170195941,1.0968389834114198,-1.4248932875691245,-0.3436206437797471,0.0
2018-12-01,-13.460496650015749,-1.6270387738732657,-2.4782225882820885,6.094188726623881,-2.4641667056216914,3.514975771869823,0.7080684292420814,5.407629823061379,1.6565530910802906,2.05533303293166,1.5021687189060386,-1.1390108873256803,1.1405007590236065,-1.0025577928519398,-0.06767161648018521,1.9337074974934902,-0.3597191547888497,0.11321160091063909,0.0
2019-01-01,-13.706726177515051,-1.2607934131794312,-2.462946006476948,5.563227538589331,-2.9208699148616954,3.653565715550814,0.30210396421103586,5.4870385341162455,1.6455049911678967,1.4175415969320144,0.7170896751337728,-0.5671874587692343,0.9332293257824166,-0.6710626945371567,-1.6036032986338629,1.7768278008507277,-0.22641281299466287,0.16277547262645264,0.0
2019-02-01,-13.61316431630066,-1.0220190939803484,-2.8257749584819276,5.043852102661671,-3.3142138540759625,1.971619776450595,-0.5790532149693619,5.208969299325813,1.3432025877970863,0.6406902122667084,-0.2449802481945617,1.0199476129660447,-0.1331350881228345,0.5418182880156261,-1.7898740923986824,1.580315567358915,-1.1457312642393556,-0.8803230973212395,1.0
2019-03-01,-14.887644578124268,-1.3892281292763227,-3.8234266702601287,5.170422323378779,-2.9082605106730246,2.229570179775318,0.32781338579705044,3.2501857867064405,0.4604231069592035,-0.9499787552782679,0.3339610448704293,2.776704794693844,-1.313271677761119,-1.084693159035781,-1.3681948702420144,0.44036574095600595,-0.5075478295272303,1.6371768252297754,1.0
2019-04-01,-15.1516699758687,-0.8948895792862981,-4.321941326365438,4.5496481198601275,-2.6666475446870095,1.8927718921582148,0.5415886074431504,1.897106882503313,0.03407218670045739,-1.9424363225142611,0.09833305172292311,2.5789590138811422,-1.3309270816005858,-0.9546270972638934,-1.2303060753547932,-0.5736210374383484,-0.6596897298258964,0.7418491591629237,2.0
2019-05-01,-15.429636735617079,-0.25325453092379524,-4.117190690712081,4.310464838903965,-2.915978107797762,2.838862444563816,1.351788425244261,1.2873719244344568,-0.7380590547971073,-2.426223839583403,0.047734521261371954,0.8741339146191253,-1.5009688557606804,-1.7530091420991298,-1.4190635943938807,-1.0883543764563515,-0.36812452516160793,0.8060192136244261,3.0
2019-06-01,-15.235654678760964,0.4372141037441124,-3.13968432552774,3.9163597860617236,-2.2874656889154528,2.9974333670850415,0.4738211071634246,1.453123441976302,-1.0212318103548046,-2.3479133058834276,0.4588565884891854,-1.8949558122893484,-0.5347304718052375,-0.042413020566982707,-1.8641199511274773,-0.6095630664626195,-0.8191554638910085,-0.2939873564172845,1.0
2019-07-01,-15.965483315860741,0.9273332251079097,-3.1982430935114414,3.797919901724092,-2.249274900522467,3.3270111209642304,0.33982232815765956,0.6804492319863756,-1.222323348703486,-2.304020263099475,-0.34571086959699626,-1.7134089368141412,-0.7592599162882083,-0.6003850903895029,-1.6851052278763423,-1.4834690690884311,-1.455420122955794,-0.34092814353910855,3.0
2019-08-01,-16.611088927757415,1.4548368170520334,-3.72470133629459,3.922132155516861,-2.122054260507624,4.108448477408533,0.6274142195495265,0.2695044648545571,-1.2004458737080723,-2.087524850996763,-0.2758643287618287,-1.692719780637545,-1.124402924186651,-1.3803073616245753,-1.9099124485501762,-0.7699549632373157,-1.3606061160966663,0.12142776305118319,3.0
2019-09-01,-17.444352066590405,1.5179628109382413,-4.019534414321564,3.4689545391676924,-2.335695196592411,4.161936044208287,0.3374952953840199,0.8292182247862351,-1.2110340614215838,-1.7713170689964308,-1.1054762146297967,-1.7083852914128768,-1.4399438129336777,-1.1801590418407417,-1.6880672825727503,-0.3540197275039809,-1.0842149077368874,0.407660820234908,1.0
2019-10-01,-17.98419766540613,1.2325625687006616,-5.46848775726769,3.113806042588317,-2.28287164223413,4.213460500920255,1.2258564697245342,1.135635599781463,-0.24872418391484866,-0.5215129804112851,-1.6809310626514111,-1.3403862712747947,-0.9138048545535824,-2.283626311049426,-1.80346705699509,-0.3135262892317323,-0.6767177754817036,0.7286026405812248,3.0
2019-11-01,-18.484107524452384,1.0030138414589729,-6.106427005906282,2.1733699071752266,-2.3014150134672633,3.8413484937043383,1.3211067529350855,1.0398104039267697,0.9762560323447365,0.5552524100955185,-2.37568562188237,-1.097960251133427,0.14609222148672077,-2.3982368573767685,-2.1010394307217277,-0.9049497165839616,-0.13102840800428578,-0.08954230041387268,5.0
2019-12-01,-18.903187555675512,0.7579682926129201,-6.618264044902007,1.5349409068875932,-2.2400003344497703,3.888546536221715,1.6973272080203161,1.6485781742262209,2.614854864323389,1.8872107676096506,-1.3192984334575488,-2.748507857256551,1.396856792932698,-2.4760277878008803,-2.9126082277616003,-0.7510406410005352,1.9565132634532558,0.02090778874458543,8.0
2020-01-01,-19.12176758614844,0.46738011639956856,-6.993939152929894,0.9723863723633541,-2.2967619893344553,2.7988501832875823,1.159700987791458,1.7143461359917023,2.103244486379507,1.0250306897720194,-1.8226881014284388,-1.457557489373377,0.6129290562315024,-2.1124699250908323,-2.911342885914328,-1.4751591333269558,1.6188368348650373,0.1285380064793653,4.0
2020-02-01,-19.16680411611114,0.20560843736715295,-7.0068297860559365,0.23952762787011217,-1.667763630652332,0.8149744684116411,0.07496469177088239,1.7686965570618467,2.5429977407212094,0.6027419617864636,-3.1434888249935353,-0.20602466207016024,0.2322374322144332,-0.046750880130176364,-2.072395363692407,-1.7073056844703238,0.28527912586366866,-0.9224411848843481,4.0
2020-03-01,-19.919136464943296,0.021043556191375323,-7.895776911161761,0.3188334572942888,-0.9165137859286263,0.5978459072053426,1.2349199474164958,-0.222498265671927,1.6977797015143292,-1.0843433465746717,-2.7496893972895906,1.3649902357348713,-0.8409479114456587,-0.45809809848870287,-1.1422223298808079,-1.5201580690369358,1.2764236726975542,0.917312156627152,1.0
2020-04-01,-19.673414527376778,0.7193392309826767,-8.512595164633188,-0.07059753587498263,-0.6295339062020999,-0.11596790959454051,0.9436249763591447,-1.1065755043077607,1.457453251317455,-2.278261152007472,-2.716366722484366,0.5414391049950137,-0.8393777631367493,1.0232915663591602,-0.2636890774045806,-0.6647451637844806,1.6526618986448027,-0.0029633357517171444,3.0
2020-05-01,-19.683947711141972,0.9523282927573322,-8.284234215175976,-0.12149388382786785,0.08433048683252231,0.5416164522096072,1.2926469712124875,-2.241132024796249,0.39952101220254754,-2.9177427701941805,-2.550248601025052,-0.5878871552635843,-1.1362919916611103,1.378846686578368,0.7972683534480262,-0.7011701982795815,0.9906589705619784,-0.07430076155061016,3.0
2020-06-01,-19.349338409859392,1.537448771761611,-7.481509577545879,-0.45290151357718167,0.667686644408583,0.5909176553799251,0.5155762905220513,-2.1998540360558256,-0.1381909636874296,-2.8954039670729004,-2.25073616706959,-2.269830032410373,-1.0581859505810105,2.6390514499561966,0.8126570265091073,-0.35452565956215376,0.7216071533469616,-0.5828294949940291,1.0
2020-07-01,-19.988134356885592,1.9047606686672942,-7.620491493488813,-0.7653952574644479,0.9539554687803894,0.8214592032585215,0.613349181113569,-2.9925659316119777,-0.5093520818385524,-2.7187141582069296,-2.725199097567226,-1.830076905704914,-1.3880003116062978,1.5591935317472265,1.5776913787490132,-0.7588048600722991,-0.11201778664259147,-0.76409767070504,3.0
2020-08-01,-20.89341677083851,2.1424624135099206,-7.992453202369417,-0.45318012898038695,0.9461859739035031,0.8538484412891618,0.06812668114119204,-3.103426385144294,-0.20694618892009625,-3.1311153315191618,-2.2985119718386526,-0.9895893974837524,-1.264223025657219,1.291610076223194,1.7074361425359081,1.513785200280036,0.32028086357743607,-0.1350279803309834,2.0
2020-09-01,-21.27879615150444,2.254033198712979,-7.558747082435111,-1.3391647497481303,0.9223235331504284,-0.017137112484276074,-0.6539829441847227,-3.0084142157403693,-0.04832534485325091,-2.8415673118464047,-2.570381144563981,-1.5585018693617392,-0.4422735609844194,1.7845042302582246,1.8204121630071923,0.7821293034685739,-0.7523368386666537,-1.1692413189646513,1.0
2020-10-01,-21.779404641862453,2.2748239288878436,-8.479318920372865,-1.2565068981724266,1.2862337410758746,-0.1142166665836235,-0.32848134096959763,-2.862842901364699,1.1524115972904794,-2.2605229584212805,-2.506632239604799,-1.0483418923833363,-0.04085973997692463,0.5383477846596418,1.63465064270816,1.7139170850475347,0.9257735404454353,0.02719444972430174,6.0
2020-11-01,-21.95643854042985,2.1979117488972837,-8.37792108686962,-2.3841115304449256,1.4175943139725748,-0.8737761840512478,-0.10658592467355732,-2.443564454034858,1.8544736680160012,-0.4981691408053185,-2.554576963065763,-1.0974121515935193,0.6554596603941492,0.6913572073087719,1.763398323185342,2.273621747395169,0.7932382537225174,-0.6376701299699832,6.0
2020-12-01,-22.69939245343103,1.9486628545962077,-9.067173839251543,-2.6934900190950204,2.3624233152034493,-0.2562268120976876,0.13032807273672414,-2.3037193759291528,2.7939622731647673,1.0897370775229982,-2.072824375423332,-0.9294954967535678,1.6940668598017306,0.0912519468764641,2.005429483596977,3.2360996700901126,1.2711595778837916,0.13962459446541264,0.0
2021-01-01,-23.047059067905145,2.021387511424457,-8.924537211125974,-3.233678785258148,1.6598900320063232,-1.3160678206960241,0.3480962395949957,-1.525561846758875,1.7368121149992686,1.4080834216802747,-2.1631102950579497,0.7151677800048241,0.49721511772620497,-0.266146316436922,1.572662835934807,2.3007781403930134,0.44459305109176805,-0.14073483935423692,3.0
2021-02-01,-22.988704028943676,2.404492503716571,-8.350759974232444,-3.5853124641340126,1.990674888530111,-2.8185672795677834,-1.1030083080038133,-0.8176071257124111,1.7979864284948652,1.816332567914258,-2.438663922291205,1.5598993795851988,-0.10798765956660861,1.6389670707968993,1.3269249834790502,2.330877407105395,-1.014236355822877,-1.5202635365896124,2.0
2021-03-01,-23.474340589059167,2.7626034375541835,-7.763375337863504,-3.7971251539581616,2.0208224168464457,-2.2651147160057143,0.5578103804573806,-1.8031045559082672,0.34274285199954335,1.286166266655111,-1.0430229176089698,1.603375149453178,-0.9696493888340749,-0.20461845914818277,1.326291019956893,-0.16734320258828528,-0.32548254489571504,0.32315435727285824,2.0
2021-04-01,-23.865265674947658,4.005541779989178,-7.517244434060015,-2.8607933113146196,1.6001255124508023,-1.8935416286713014,0.14803419478354946,-1.2054634623474008,0.22626947040159806,1.0098449992071759,0.21637835588408078,0.7532720910111058,-1.540475170436669,-0.2940722101939872,0.8970734860084354,1.0462138550665558,1.1195230463374946,0.3168071647923181,4.0
2021-05-01,-24.44420265980298,4.433436606358631,-7.287700086053449,-2.932656815801554,1.4793312856855154,-1.3553270765529428,0.42158851932240926,-1.6602199502774706,-1.0069364278389923,0.17707112503319344,1.2011837432543067,0.3850541779688943,-1.0655629078915816,-0.38036889910392824,0.7395635409093033,1.3627334866397738,1.223265253387303,0.8464400765437554,3.0
2021-06-01,-24.38037550066236,5.454968141898073,-6.235057715399665,-3.398492700109042,1.3605228600030892,-1.7322689613922286,-0.11089225845961825,-1.4997137482945517,-1.528318017258377,-0.17519418719528357,2.2320544765102817,-1.0721467394557158,-0.2798422827782145,0.6280570193908828,0.7879396704349795,1.1944743537020643,0.7378750517829192,-0.09997838997602737,4.0
2021-07-01,-24.58289949241597,6.264833099266317,-5.383731640327143,-4.054713375057082,1.9446912168126034,-1.845877372043968,0.30352966796649483,-2.45801886920688,-2.084754465249632,0.1584435533042421,3.313286117908825,-2.0603194934496063,0.5803595723933737,0.6319639657263633,0.8265009242788512,-0.5971050723790546,-0.30275148324786244,-0.18360494811062233,2.0
2021-08-01,-24.83184602107265,6.7595451913418785,-5.013441908768389,-3.7887163257636916,1.9306216506957035,-2.0786941159663663,0.006064894992804451,-2.349672902157938,-2.342959987195222,0.664095676545857,3.635709628512961,-2.142727337594171,0.8042043832177992,0.34323803191376845,1.00092967732778,-0.7700592988986527,-0.9106151556165742,-0.7563570747517808,2.0
2021-09-01,-25.613810849178975,6.824210665006062,-5.23957211566027,-4.450282680980693,1.6776388042817467,-2.6970605055802697,-0.625796597746908,-1.8993964791122884,-3.013388971642454,0.4315287471642924,3.256403483443064,-0.5623275575832596,0.6054312457576203,-0.012028812602839611,0.9985494607236389,-0.5291505139135586,-1.6743905733317184,-1.0350597605075205,3.0
2021-10-01,-26.194022672978804,7.055430228187926,-5.408270117938189,-4.578376660052326,1.8064976099116767,-2.5316159044229005,-0.06532827344765507,-1.1442520439862864,-2.321175605495737,1.4202874407573396,4.356841780638629,-0.21780065832521656,0.9914700421785166,-1.1083830952001723,0.2725700996124875,-0.5530741333644117,-0.5901102700378817,-0.25558358480283483,9.0
2021-11-01,-26.631224641979113,7.156969919562752,-5.506963627301609,-4.811899325481676,1.892665504264631,-2.9473332117460753,0.058229732813932955,-0.892261443869194,-1.7897840965109535,2.4579617315254807,4.192367972444429,1.0220305278678987,1.8086329921560864,-2.061612213140849,-0.22741831648665062,-0.9618161088606182,-0.9582442958054661,-0.3654955720537245,6.0
2021-12-01,-27.178731715623666,7.151997295814263,-5.4482104449601945,-4.995415896250783,2.272545443517518,-2.6243569389639134,0.030225862148625993,0.3172248478739135,-0.8130701401824842,3.5766699037086327,5.109529402484954,0.5716693716044011,2.981100563753364,-2.7950185316615137,-1.0638403847431654,-0.5515597632591374,0.011100361010567956,0.2836007641098969,7.0
2022-01-01,-26.94235352876392,7.870545146552364,-3.864819535530104,-5.124961831237343,1.8446125421012236,-3.4188443918330336,-0.13493846825342926,1.0828221739229358,-0.7203991716568381,3.628986504885484,4.850911219158145,1.0987965423228976,2.3845784123757685,-1.906361278555391,-2.055268484868079,-0.9790641783190172,-0.5857703690012476,0.28723349238459994,
2022-02-01,-26.37742184812042,8.330440637898116,-1.9454813270567375,-5.693515650438869,0.5245204841725661,-4.611401258077956,-0.42621793682312875,1.8091066171811,-0.9433124378186419,2.650060904456986,3.0356834976560916,2.1499082393661104,0.8161207384490018,-0.8442861761094027,-2.048119083065819,-1.6769143206134283,-1.0727859400490216,-0.2621780429649634,
2022-03-01,-25.80998162871521,9.746348697546072,0.796863384310742,-5.153153891115331,1.0201711010549057,-3.5414166209618005,-0.4798971151208785,0.7171940187755051,-1.0756169024419588,1.267146312928449,2.9607646562300634,3.2862177606505822,-0.037139178719520646,-0.5899589142126878,-1.6881626008635378,-0.5699233402110564,-0.2004893720219804,2.0114608313743463,
2022-04-01,-24.313238029743253,13.154597950928892,5.806149835493267,-5.647690098946924,1.5153278989469636,-3.9654990218446096,-2.5516508112600187,1.4792788566753867,-0.9124639954446346,0.11606866399138277,0.863709171628672,2.4466136814370762,-0.5603041152713986,2.980328137859929,-2.5439403471764903,-0.16873033773017898,0.05685454676401089,0.6422726910231267,
2022-05-01,-23.285416610608163,15.675817463286403,9.511433277247733,-6.101541773418804,1.8178516512759437,-3.354768136050324,-2.69147738741838,1.9411626816034646,-1.0071031405723097,-1.0277555814374355,-0.04707791016832617,1.7150181951526422,-0.7883466246557018,4.544377248382408,-3.4402843540287074,0.4592595360857179,0.2984959477794097,-0.00018811530698570333,
2022-06-01,-22.667268381160223,17.57096657440373,12.393753760186371,-5.682866220500947,1.7264673071192331,-1.4291068151823554,-1.4027204492167435,1.8204158744321577,-1.4759044893122217,-2.865193249673147,-0.7844486934202534,1.4176966702056566,-1.9969748536325314,4.132155219850697,-3.1165655593501547,0.9579507861749994,1.5640542430743503,1.0861993289977387,
2022-07-01,-22.51808623531164,18.408376835490685,14.343755086021302,-4.029681208465433,0.7206743414264929,1.2224410533952426,-0.8339422578868249,1.543318618970157,-0.6732097400341038,-2.6807573970652028,-0.1413936488098566,-0.7854330525764724,-1.1869399609508648,2.3758261130644565,-1.720511554992086,0.013311156686165643,1.3808758189586392,0.6488094519458515,
2022-08-01,-22.844532220278886,19.201174890322935,15.608723570430378,-2.7143477609499254,1.281032325098891,2.7694244730434634,-0.2893293629051429,-0.02285530314673112,0.030680058239949737,-2.0563640292339413,-1.3301436986214492,-0.10039525785476566,-1.0715341600973864,0.4820626767127568,-0.14322259953081873,-0.03379672060099731,0.3876761055927911,0.2921680298690543,
2022-09-01,-23.895941832428754,18.19210609494398,15.816043424045573,-2.4755200561275332,0.37198892180094756,3.5170691787652277,1.011351509792975,-0.05448987026501495,0.8720796478390342,-1.3002181196158837,-1.781518364776266,-0.35251058359676024,-0.6499566240380896,-1.029190610677416,1.272616254341322,-0.4782658876927683,-0.7619358703377479,-0.38431158374000873,
2022-10-01,-24.315413856830467,17.610813123009827,16.399352221561227,-2.7588821542642488,0.19612827929092794,4.132078636987867,2.2886513725817705,0.14687610138346896,2.208015483763407,-0.011096497531317868,-2.180109169695875,-0.5014378162587544,-0.030364538215283038,-2.4036452192061937,2.4560970335109737,-0.4357456038933639,-1.0072678427316801,-0.30148426660385796,
2022-11-01,-24.634926149081267,17.332760847012413,17.03125849229265,-2.9736805364501078,-0.2251376971072676,3.5216639656890463,2.4716281019619952,0.6819983542940962,4.127033776087179,0.7166538626173601,-2.133328576774683,-0.6456358608310642,1.0992493879057605,-2.757025727818032,3.0348846144589645,0.08344621843757258,-0.18419928128422547,-0.7762291941746595,
2022-12-01,-25.28318778715667,16.47901446321458,17.294584856438593,-3.107951540592574,-0.27182476585032883,2.9700299545745876,2.9584226865096364,0.31994781812692563,5.488099863101813,1.0362489466191,-2.2876790663535593,0.42004351835252485,2.18851512076949,-3.7961171325413607,3.9454612936255913,-0.48883648286636916,-0.26468398177553354,-0.6858307582008124,
