Unnamed: 0,0,1,2,3,4,5,6,7,8,9,10,11,12,13,14,15,16,17,18,19,incidents per month
2010-03-01,45.08356424315995,17.206055002903412,-7.366911412394832,10.243973659204972,-8.53834420402158,4.88827880367856,-5.951494058249483,2.2958971283707266,9.073076865093855,-2.6980687353981216,6.357250631725606,2.764040752232335,-3.2326310657662685,0.6974494722116579,3.2891096181742205,-1.9679979686068398,-1.8331264104630611,2.0935293898985394,2.838642403528374,-3.2466409324653247,0
2010-04-01,43.89988308377404,16.071192595329137,-6.867927755368402,10.114243851706881,-7.734894701603119,5.394073637847924,-5.832936435820044,1.6950068146163888,7.165647374605726,-2.2067924610025145,4.235530504537764,1.671765101271502,-3.3439875617148433,0.6680681909204976,3.1642208625161237,-1.2571013678876182,-0.9690457623884353,0.9985877970138913,1.5531199502299473,-2.132805069477966,0
2010-05-01,43.47431546702039,15.72414617417645,-6.0191109762114845,10.500923249719275,-6.608008729992396,5.838853341489203,-5.502376081781544,1.3775679665998766,5.274901810134237,-1.7348625717938881,2.697132658199183,-0.960097191374214,-1.2570365834335688,0.49823776502968475,1.3740749939841135,-0.809033286464417,0.2875862036968616,0.6791799579976525,-0.816986977745565,-0.8063425619581057,1
2010-06-01,43.70858388361779,15.768368658891395,-5.479641133496514,10.831352868130148,-4.81995629848252,6.453463491476414,-4.472948341802323,1.1238139859739364,3.4894929746382624,-1.0675527231018513,0.32373860360814466,-4.752675241853122,0.09038499585907034,2.3270534512599372,-0.336745031686712,-0.8004083136151892,0.6181840037982079,0.7272364416397286,0.854988471549027,-0.332801817141569,2
2010-07-01,41.92322934941374,14.192671628301882,-5.931671044466462,10.719881671016347,-5.849672843995068,5.792016950952609,-3.679428631596,0.2068550732864436,1.063735864074863,-0.5451386509497962,1.3463550326263976,-1.9528373311202838,1.5207291059885835,0.14453165945225876,-2.0725856890779406,-0.0018969917125388758,1.836829306828195,-0.5649867141086624,-1.5604569022058659,1.8493405938718692,0
2010-08-01,41.35507398573824,13.487078600640398,-6.115869619927556,10.50157345658644,-5.9434731832427214,4.893054958064781,-1.072270685589439,-0.828083528831383,-0.46546588220370744,0.061794536180271975,1.7987306882720067,0.48659569101556666,2.074813640231205,-3.3100122171320034,-2.222258476101244,3.0871233160028195,1.1891125025410338,0.1233553992838403,-2.2029277717041786,1.7821346322695963,1
2010-09-01,41.219290454576054,13.487249064232206,-5.526010814157602,10.0435815126779,-4.683436867333354,4.185777164588526,1.2575702374009707,-1.1686378437309162,-1.0574808901500155,1.2773890924669655,0.1370113709951199,-1.4180784282637293,1.8151548465325436,-2.9607984900837723,-1.273782590593006,3.627587300437095,0.7604661867723174,-1.185057045856724,-2.1385316751789007,0.7420687580398024,0
2010-10-01,40.550022250046844,12.158786141013948,-5.342432746310836,8.70273496878029,-4.145147730959874,5.092145340720401,2.3394347385476673,-2.007998863103693,-3.0269850775415437,1.2576353731953176,-1.230492208335106,-0.8782790835274259,2.3833337372153,-2.1148125986055986,-2.0897169672855265,2.3901477237098887,0.24197586038792723,-1.1550647320749488,-1.5660991043377077,2.0749539540937665,0
2010-11-01,40.0473070133108,11.614877523789586,-5.407228387612403,7.391411873636088,-2.1507360977905474,4.735198738470959,5.5160820544921165,-2.4196363533592047,-5.214042534518234,2.5141943053066065,-1.2427529092394054,-0.15109155397911733,1.7945884158757932,-1.375187637122068,-2.334509396736361,2.112978579817667,-0.36957309111760006,-1.3907261933273158,-1.5154758983535337,1.8938736522019797,0
2010-12-01,40.026226625873456,11.3110268705843,-4.314919544107737,5.928425389307313,0.1091514794142483,5.398607480684875,7.0704108268986054,-2.9817249740440124,-6.17974887312741,2.1219321806126143,-3.903264200193653,-0.8830474030803764,2.4499119948795,-0.23813483556878023,-2.8095788612384283,-0.21715173782656283,0.5083600952399084,-0.2576382811569994,0.6772945728233246,0.4350625761374256,2
2011-01-01,39.24292338016517,11.217774334819293,-3.9566115697108706,2.375251599138924,1.7598964438098657,3.235825542490761,6.932013460005654,-3.061506202403347,-5.48325511459111,2.7569425047764335,-4.503570062842842,0.18151060563851762,0.24839681263598268,0.949421321852422,-0.4042665321511084,-2.615400537105833,-0.4777778614190955,-0.6719365218038871,1.6367999063298306,0.3552575959329901,4
2011-02-01,39.59151132068785,10.949340002352148,-3.3760859942669024,1.92957729020924,2.8152007485476664,1.6906561110632903,9.12180205336472,-3.2153402675175546,-4.761705284594868,2.9331942406871967,-4.196331096307715,-2.063604290085137,-1.4952559955241167,-0.0789999489875608,1.5163421276111912,0.3300286495247615,-1.1343750050781538,-0.8551742039264554,1.9223510111422066,-1.3108381908955815,3
2011-03-01,38.204728244873365,10.383521599016582,-4.141953267422504,0.7276111914558423,1.6022635193247676,0.01001634478479052,5.5082321949104,-3.4159264568458854,-4.796579503606882,0.5720666397462222,-2.7134131970077453,3.551502339875952,-1.2611925203447165,-1.9727405505724995,0.4174044709513225,-2.4737400302566015,-0.457642832344755,0.13790663930338937,0.6699726484217359,0.953122420155973,3
2011-04-01,37.834051750139665,10.451353246265828,-4.925750159662932,-0.5555966258568903,3.255838522997182,-1.909079713203808,4.080982113852535,-2.868776660947076,-5.1958221589531774,-0.3011446751474165,-3.1524632236281276,4.038250854991846,-2.65928961141187,-1.1225156199410398,2.2217672421073673,-3.1172200159315806,-0.582037836773965,0.27713502998052003,1.8062673415534054,0.3586278100528104,1
2011-05-01,37.99818705184578,10.91986621278373,-3.3565161696265426,-1.3590511826827136,4.178912990375858,-3.7183502043368453,1.6302671950928618,-2.4426096773346133,-4.406576997627488,-0.5924597878583218,-3.2691500282474633,1.7473037222612273,-1.3529442836155736,0.5425051438382918,1.294681017615965,-2.1511215881395316,0.21104731059619963,1.0037971441501965,0.3349079791900995,-0.26471255279050093,1
2011-06-01,38.17814802267008,11.379923850253675,-2.765135232493824,-1.6228713582456376,6.319936933198955,-4.692082713906093,-0.28511703118264764,-1.7172975777291013,-3.6300893667470056,-1.7076386694185097,-4.46658092556587,-1.4200831776001133,-1.1696331664333466,3.1076083528233487,1.4907766566031613,-2.6015300324794675,0.29709186126348486,1.2293034067387518,0.9069353578330075,-1.4064622514968594,2
2011-07-01,36.87928836539849,10.591071216254553,-2.11566388388933,-2.5028078888895626,5.773428563310766,-6.760428278113907,-1.8770305826212923,-1.3561107458311126,-4.068196001957126,-2.7454572279501166,-2.365771196813755,1.482977383258198,-0.18113745721145658,1.644805205512764,0.8656182352007133,-1.1419937811503131,0.5819652969219552,1.2370247669191123,-0.42882318408130615,-1.3635827542832741,0
2011-08-01,35.78415897647578,10.129678959268427,-2.5864729636763695,-3.537816333801021,5.599984077823782,-8.62869939118736,-2.9786764888276553,-1.354408048688292,-3.594898799290573,-3.690130383739916,-0.8540576541606492,4.498345244161001,-0.7753146661079009,0.9244737501197696,1.8908409361127938,-0.03284204974104288,0.16969542868214874,1.0955568845979793,-1.42369275018617,-1.5938621976917955,2
2011-09-01,35.39751701828164,9.464222390485547,-1.8806483843189676,-4.58081710280635,5.8487846353426445,-8.183787554239247,-2.0077256513313726,-1.2002736712968294,-1.7560522896212547,-3.526977085211914,-1.2498296986040316,0.5916412593601634,-1.552050713062035,1.256415921594773,2.1893093955979857,2.2458635818864368,0.04345681412749469,0.8235027617969946,-0.9480447285582265,-2.5335237226399356,3
2011-10-01,33.607578055242065,7.83342312492193,-1.8270882767423169,-6.050064199515212,5.109901602423756,-7.411405478136831,-2.0710602004294034,-1.2158478644617539,-0.3237552108199964,-4.762074938991188,0.5772036134167543,2.3766340010369156,-1.0913833459662894,0.9165633969984567,0.6280660736519319,1.6196403660133278,-0.14180476032167727,0.6338957131705873,-1.1845043332431242,-1.00135150892137,4
2011-11-01,32.61700456349678,6.484599338118189,-1.4855231283307897,-7.076182631026802,5.55146807501786,-7.23249846815221,-0.44280806190212063,-1.301499872037651,2.0649381408602863,-4.051489191334589,1.6205139992300837,0.7599560178837166,-1.3597732429052907,1.1012964046010938,0.5046764853713227,2.9746172449773907,0.17663512926431768,-0.41612328227320716,-0.565666395728949,-0.6776788092620074,1
2011-12-01,31.414781182916506,5.695212122947673,-0.7205095541843591,-8.651681126406965,6.115203620351171,-5.506397343830837,-0.4925856117597165,-1.6967993651516728,3.7572771481129763,-4.179189050492432,1.6118209752644446,-1.5871793665544947,0.41460291363086266,3.170372515921067,-1.0029468980558798,2.0207523979647295,2.0343714077442683,-0.8849456577476089,0.4811788537602084,0.5295577544873646,1
2012-01-01,29.935065097558816,3.873975840980435,-0.7049050650969262,-8.996485845828783,5.1312438490791425,-4.541664494023042,0.12768769422602633,-0.804522933734604,4.4394375618906246,-3.1992348653694673,1.8798593977862388,-1.926194372306997,0.12341784849336312,2.4456089750448626,-1.2083021165197776,1.200071578806789,2.1040979227683585,-2.1003453470317726,2.553710848610386,2.3930485544520987,0
2012-02-01,30.213747692397952,3.0208622417591675,-0.20937970769055103,-10.25526707295417,4.100318925279683,-3.5352950061075044,2.435525736844329,-0.6568637773235,4.888515383749637,-2.288602464717189,2.040088278976345,-4.468210513545531,-1.0345291422554797,0.05112946014217033,-1.5699333633004589,3.9454145309896154,-0.6986711911017527,-1.8362314039887,2.5258118012326904,1.7753881352409433,4
2012-03-01,28.042349979969906,1.8258690926725032,-0.8591503249989076,-10.885971095905754,2.9011698196716518,-4.190196848479582,0.09324294558282031,-0.4989573628893955,4.03115173735155,-3.4426672686407667,3.090899073002381,1.042420604254332,0.0026421904589924994,-1.9137982149943584,-2.944886089660349,-0.7085505477266119,-0.7076876003400195,-2.58007828924372,1.4104843658997643,3.4824704970483396,0
2012-04-01,27.435201005846043,1.7988552893080918,0.6578426900644199,-10.850401163741353,2.8994240475699993,-4.203525758301906,-0.37402172646482623,-0.3115606009043346,4.652913025360905,-2.0248670583836503,2.3718292854253256,-1.1777210832587217,1.2138691666200043,-2.2222216277180773,-3.72184706048132,1.049884308851456,-1.270933240981421,-2.7955740937075184,0.49771732105293953,2.3072410736275,0
2012-05-01,26.644834417159686,1.5796712706941078,1.3604626124006018,-9.959971139305976,3.0510369943669335,-3.6686555647629695,-1.5016723068791133,0.8363138682114187,3.8987839482296307,-1.0521385304573103,1.7550377576430112,-1.6257238674326824,1.945932023327967,-1.6717896923780144,-3.8075495382768496,-0.748570063504322,-0.6619899977838377,-0.8688080057167239,-0.011790351004106636,1.4190116513883781,2
2012-06-01,26.682935376403318,1.7468126151096441,2.2526250894666324,-9.14781121140922,3.6769408665355954,-2.2691019824236967,-2.4147110082313423,1.85032384973517,3.5226911451907874,0.9139840355927513,-0.41074576720387385,-5.1288031936077365,2.3087936105531197,1.2582512042133986,-3.0070458802781324,-2.2539297342055056,-0.5473826262442658,0.2733810562588988,0.6256493368014187,0.7820306560575009,1
2012-07-01,25.401420768350363,0.8662605412201765,2.710569605072191,-8.5127047515471,1.9718125229991479,-3.0433170060963546,-2.020949539358028,1.698193201084837,2.959951821922541,2.1720892862077785,0.6431821050285913,-1.413519297839263,2.6192057701349154,-1.0006209932389356,-1.97143629554827,-1.1737058319268052,0.06318204458771981,1.4582389968203655,-1.8619566385628863,-0.3950809657035439,1
2012-08-01,24.482471853943338,0.1765243136983108,2.478064253136278,-8.487874385664888,0.7332395854089544,-3.728224943014597,-1.1157637542683205,1.1675825369585582,2.374160132638393,3.5422849035720256,1.036328579152951,1.3117038817026168,2.16806996171993,-3.6684066216188995,0.11083027943347412,-0.4401478305948241,-0.43160125687770123,1.5179979813485542,-3.5164444783220796,-1.5068884779830523,2
2012-09-01,24.174527758678845,-0.6959254335792466,2.9202953376172935,-8.689305959793153,0.9132576213763434,-2.573370561971535,0.31258575570518476,1.7101478479610186,1.576216931771166,4.929455749038947,0.6347115556933569,-0.7499577107470795,1.1915287511798116,-2.789330057238846,0.40391452042811027,-0.134755984737853,-1.9348131035254208,1.8808827914794661,-3.0689765222633336,-2.149708211045641,2
2012-10-01,22.932055474330088,-1.5538832666180757,3.2573170445891324,-8.647410339049944,-0.7305317062951417,-2.083971508004656,1.1478328902943926,1.5247390160270553,2.4361100141161107,5.020490064771212,1.0117398458152043,1.0146470627119926,1.943084566440675,-2.6351600858598645,0.3126622107480212,-0.8719740543262207,-1.142607244294733,1.9015557848557831,-2.9278111839925454,-1.4498565360804077,0
2012-11-01,22.205695998506357,-2.387943215788374,3.6195719647436055,-8.656235057843936,-1.2534125055975047,-0.44699553978188644,2.549009862520455,1.1145885506392723,3.2040449577022,5.573202780445001,1.1622431903835204,1.3674294177692705,2.4890605090173987,-2.6086559643686225,1.3260428680103953,-1.061543028548,-1.2090945274643514,1.5661591853347352,-2.941825472644346,-1.4490410113094856,1
2012-12-01,21.477894153159063,-3.459048066834568,4.442239025606663,-9.45444339537949,-1.2891588911412932,1.6311057440243353,2.2819032592077986,0.6010891212241514,4.266839372933194,6.251782065728569,-0.3999171675366997,-1.0036805753236713,3.2108403374650916,0.9864220527654683,2.0889085283965025,-2.7470193517144206,-0.1447129963543743,0.765557075897227,-2.684974337741235,-0.001622939865988715,0
2013-01-01,20.519907523682498,-4.96901196211129,5.252145741549929,-9.119937792342366,-1.7587148653755147,2.120707040323925,2.585204409448761,2.1376475165403925,4.201141562187729,5.5619658788999455,-0.25826794012684007,-0.9695782640392084,2.0449212373504593,0.6754078274961037,2.8026616899294847,-2.3640007314048255,0.04820734820246331,-0.006519200371704281,-0.38058863451131053,0.6542492765238322,1
2013-02-01,20.590522126059756,-5.402862670593334,6.944064647211356,-9.72299477769733,-1.068561907581758,2.8158140820990214,5.6015978088847564,2.0431740025046605,3.8700948512486852,6.811871924193181,-0.06588068690399929,-3.5787473786904975,0.29834095961121204,0.3003625126658062,4.752784366148076,1.8407837517879058,-1.2724981468789591,-0.3456523585776643,0.08246513636453168,-0.6096712188933029,0
2013-03-01,19.027957298600345,-6.0189999985450875,6.122837725756617,-8.827905023190567,-3.1741689269426936,2.082387749589446,2.2969287588709584,2.7923587837437394,2.3905468840842095,5.180577841903518,1.9042560172117384,3.051273577927174,0.6825069084019402,-1.3462070015926646,1.8030727917320735,-0.2031619363120989,-0.5210208274945566,-0.32004784705601125,-0.16268232419059858,2.3118666741673284,0
2013-04-01,18.459916464360013,-5.514019912554253,5.560017437234939,-7.384072444016286,-2.954233505525187,2.261167811109833,0.5703260655518978,3.702495988933028,1.4272717881699644,5.477146927587171,0.2288201287814564,3.726226936887284,-0.35859463871671593,0.6579667876656328,1.45505979384343,-0.8174487075071839,-1.0253680372212148,-1.523504712310255,2.2413001670657158,2.016668794070162,1
2013-05-01,18.22413730873423,-6.313421901036931,5.8445922530809105,-5.932221005268478,-2.1177959261453867,2.592694195200432,-2.0213209894643356,4.566544887936988,-0.7591351108932013,3.8590191490669286,-0.964818629327754,3.195642011826501,-0.34761121735884926,0.8695903775880981,-0.48539258758053094,-1.0654545637184412,-0.07518739637159944,0.1666266940330477,2.1848000174313493,1.7413261379379112,1
2013-06-01,18.26691406420653,-5.935648589259108,7.278394450398597,-5.175301181902678,-1.197570242896129,3.156416838423854,-4.358106495693457,5.165583746290271,-0.919724314740402,4.099199331989102,-3.476330157253533,-0.46699822573525895,-0.31354448928880163,3.717024586632231,-1.4194853733385282,-0.023459606310664682,0.13998537593292903,0.3199901022564011,3.3390614967503143,0.3997606685751318,0
2013-07-01,17.03908663167056,-6.6937128095622365,7.514417517382695,-4.0963898985009415,-1.515594385635754,2.8458258188917998,-6.323683058024443,5.455262583481721,-2.3815353519353013,2.8306507880082292,-3.2891732524138257,2.804727120551868,0.40623634561599076,3.329268931261031,-3.015007722361334,-0.33849491686912536,1.1646885235020525,1.1899096467492911,2.4388395299312235,0.4950084622540072,0
2013-08-01,15.95186465506613,-6.9245179336577865,7.356498618790112,-3.176737674888912,-2.1432040022443197,2.5804548459521004,-6.427720570597212,5.59318701863295,-3.157951096643693,2.4290742941943924,-2.889008695034521,5.893473614587859,-0.4697191942036087,1.772809088899395,-1.579678209171094,2.672698552070726,0.4847078963796524,0.4149991881651043,2.225988499373943,-0.7963409245319861,1
2013-09-01,15.365902537017915,-7.730251344872307,7.933960296841612,-3.5214236787093554,-1.326658452008861,3.1362420509463353,-4.302367967465314,5.018588719188165,-3.5021702354700355,1.656538958181414,-3.2222502477285513,2.4685125792576725,-2.0209221504292145,1.6704953253091892,-0.20360059289879004,3.955299340872661,-0.14005510672926424,0.10920567194251662,1.5694689129034,-2.284459250848819,1
2013-10-01,13.746746199646436,-9.004317149787555,7.518505136793878,-3.8597216579636173,-2.2518829029598337,3.651586975883959,-3.0397682393748777,4.4632484140023845,-3.0563567265696183,-0.745366599159646,-2.384527366966034,3.7095454010399047,-1.9148545457142552,1.5842215047883135,0.11842151812602825,1.2893147642465799,1.1561353621603667,0.16576253623612835,0.7195674729745276,-1.3647888640291637,3
2013-11-01,12.976108594501163,-10.385098293644791,7.836835834674938,-4.4089691078252145,-2.053152149962679,4.499707628729187,0.16329205151686232,3.2100563747283473,-2.638886623618346,-1.1811984443524153,-1.1928893954399717,2.162083563237165,-1.9232326485757474,1.2180353301139113,0.5643694228613058,2.2850749528317493,1.1230391745213701,-0.824974982172832,-0.2775927225556074,-1.7648922341299125,1
2013-12-01,12.050820137835522,-11.034143501790604,8.714618245167088,-4.710104939883859,-1.7870215788292214,6.013081773890097,1.2824892684091322,2.6583411295192887,-1.468177880112,-3.1249695330418423,-2.029172067627213,-1.2445882941419575,-0.4666362416406563,2.8161956237105525,-0.5051531588021327,-0.35049900861805416,3.1396693641103615,-1.4185513172823383,-0.37825256031656906,-1.3651291515266446,3
2014-01-01,10.56753315064533,-11.825706799900999,7.934833135287347,-5.117860663967423,-2.6647699742560085,4.942004912444935,3.4737105286575085,2.140332316630224,-1.1356424157585399,-3.560920627413085,-0.9682702168083989,-1.491908505264919,-1.2527498738843184,0.5767293065655585,0.37308426323313953,-0.7019741346614575,2.735214979688494,-3.4913539209837547,0.07973600032371775,-0.5238422875526649,0
2014-02-01,10.503183254235893,-12.131181152507805,9.445480586548781,-5.407282552792912,-2.1039346856851187,4.988128793028258,6.479446365881204,1.2400533105526306,-0.17638913284515262,-4.783862154688348,-0.20908919286692965,-4.25008502905925,-3.4910628872796297,-1.6994553793453786,2.346112063641624,1.1028875751098204,1.7138558910572865,-3.6795591179908738,-0.4967570406164297,-3.088841780238757,4
2014-03-01,8.152205728176055,-12.577716824870286,8.262906888596191,-4.669861170882753,-3.832077855861066,4.320747726776881,2.516936172971282,0.9388591395900618,-1.6758066948493742,-6.2122159139683975,2.3690261394046455,1.9581466609915623,-4.2826031831994005,-3.233725649866174,0.9625454783577775,-2.607104655489646,1.3243856308796356,-3.0775171601201845,-2.6995399279709833,0.7230879240133599,5
2014-04-01,8.01272022628317,-12.247053399064216,8.754173796877438,-3.0810752947030267,-3.260963210477275,4.259827733084709,1.487850569508785,0.8467646228142387,-2.6262931964423233,-6.10095686016848,2.153957459207217,0.47892087512385245,-3.914284198836719,-2.3312727689365396,-0.10269882782261175,-0.5655280398578175,0.8858467759368823,-1.785268966239605,-3.5576355000466906,-0.6529338936688209,2
2014-05-01,7.353880215511317,-11.80702259899263,8.992787513072635,-1.7924943401788287,-2.6882931628698894,3.2799169551477094,-1.4697817014517132,0.5594173355578073,-3.0458325113864464,-5.434206370338903,1.4199526336569008,-0.09710538211524089,-2.5961720971399114,-1.0596446231657493,-1.0280987455944364,-1.0947596835000248,0.2373740931821234,-0.62736232409414,-2.3579102171590156,1.21042039100197,5
2014-06-01,7.726982303299578,-10.825279024738874,9.772168065018532,-0.4589660516754376,-1.4465616400601498,2.6135642963274544,-2.8867393003667052,0.3422399018687675,-2.906064444852084,-3.926728014361422,-0.39431015332850783,-4.23767610849829,-1.5424819755414776,1.0648534367112759,-0.4508663589853034,-0.31003523762604884,-0.07690846051968206,-0.2695996957520769,-1.617196917314336,1.1952960124885268,7
2014-07-01,6.867359517140971,-10.605243272406454,9.890648592779096,0.5703245860400792,-1.6023415297370953,0.9408170966351118,-3.743152112391619,-0.48779747793818595,-3.968466252543748,-3.108088388290277,0.6667940207985077,-1.716288724051326,0.4071066540828953,-0.48489102669883766,-1.3158059724828306,1.2256057676672372,-0.45245525864039127,1.5345484557885787,-1.8893201871115988,1.2003586111722895,0
2014-08-01,5.893348710713978,-10.729307570849233,8.72111025303055,1.8656605278408596,-1.8675110172973146,-0.04879816813157664,-3.5826616809940326,-0.8071274407684121,-5.091702705203827,-1.9205667505731512,1.7345687660617115,1.4367765970024637,0.19370727604053833,-1.0296465634769034,-0.6956012823163826,2.594354899681713,-1.4866737480846113,2.293479143000884,-1.1831840222029524,1.6654568951199638,3
2014-09-01,5.270232549407148,-10.3938243370564,9.307085989863427,2.1285481862755016,-1.5500931134217555,-0.4605065034805235,-2.537507679649783,-1.4679762408214323,-4.779791844838307,-1.6015329290822204,2.2365234916613184,0.08150442144411052,-0.16569038154445498,-1.3213756971540969,-0.9237048381625939,1.8933911817273397,-2.277813374768403,3.0934464285886367,0.12042549697450741,0.5795511048563942,0
2014-10-01,4.496683225441481,-10.973905342142562,8.83936162660914,2.2044292705656954,-1.735837501287012,-0.5408115461187084,-1.1330152896617784,-2.779389384542095,-4.055668016947132,-1.4492586884735752,2.4200243006389885,-0.3993730263974754,0.7247094414277659,-0.3498506764703211,-0.7057309710562534,0.23147169938929396,-1.5034950856261649,3.9915009804466233,0.16376825580195506,-0.08187259212998044,7
2014-11-01,4.298580713383921,-10.953215458286687,9.288715638456825,2.082419305873556,-1.9429544072758174,0.08292625774827556,0.2834437556026259,-3.9955026434084413,-2.6088909041180357,-1.3906028738241962,2.8151354646226667,-2.11679886909089,1.959441201013667,0.5409277005142274,-0.9570027547811171,0.39396340258941664,-1.518718842314047,3.837587001611381,0.6956230534736636,-0.12977950615026151,10
2014-12-01,3.1089158438985187,-12.021428813544416,9.18481812439198,2.65337544134137,-1.8147339045275581,1.0599035084139397,1.112407097704108,-5.250609876453343,-2.141332078487236,-2.152448229669815,3.53542454056806,-2.423996594633616,3.2473360515754375,2.0546559875308636,-1.8616748021378702,-2.118492965214556,-0.5416692115751532,4.153278846126038,1.8878150347969156,0.16854109358457428,6
2015-01-01,2.4499851863756996,-11.672986332153911,7.848504725029224,3.2421878855702175,-1.7554005167177036,-0.06294039799376971,2.3582061197664097,-5.338863697457003,-0.9853805874731353,-2.145718962292266,3.3744321662539534,-2.479781109226206,1.3897698627626929,0.291789391260718,-0.0716521585426943,-2.8475842770091173,-1.6373894152605055,1.620343606876617,3.02065785521214,-0.6238391219741911,5
2015-02-01,2.5180888195960383,-12.206295828873362,8.568827484970601,3.921131290486404,-1.2892489804233855,0.002883004780212195,5.283681014997012,-5.994522952955725,-0.5744133872995845,-1.0432177778700282,2.986036356438325,-5.411835171108322,0.24492487032503718,-1.0974173119452324,1.2643473424381289,0.23397647032092125,-2.5229738456691666,1.7204875772091834,4.051442832928271,-2.368391020027512,7
2015-03-01,1.4229157398066752,-11.746779131321137,7.2917500200308325,5.193742854314637,-2.445565709052807,-2.032299428490319,2.3905618410885845,-5.649859512869787,-0.9493885239985214,-1.4019845849152346,4.678644516703572,0.19353667617810866,1.1805183841788227,-3.818223180238359,0.5697530202450086,-2.0419549892583255,-0.9852696661600064,0.93524261448933,2.099050187556152,-0.6645839724771356,10
2015-04-01,1.5805240039885062,-10.532619644853703,6.339778264066396,6.348505662514792,-1.571367479126784,-2.547798787038758,0.45088811744624424,-4.903374063755701,-1.0012239039638522,-0.01938615325113391,3.1526763031708587,-0.8426089876589669,1.5288010023391472,-2.265502842170695,1.2507407893631124,-1.7316040484312727,-0.5291160320533546,-0.3539185794622186,2.5688930810253745,0.005394170657230912,11
2015-05-01,1.0433143269791265,-9.91565143722702,5.859325685199942,7.450457874806083,-1.4328521708657922,-3.5066234882369027,-2.6409849315239677,-4.3391194561876025,-0.6233423936977621,1.1989852861040555,1.5354179642046768,-0.05939038964663586,1.4597241751643923,-1.9831752513334506,2.5548318410707536,-2.3435305488933778,1.188157164852581,-2.171918486125401,0.8509465005731833,1.2934274613844616,11
2015-06-01,1.4372911977741492,-9.04276917659882,5.66344596478649,9.133368280318923,1.142805549430805,-3.3671195150681985,-4.483265020400532,-3.3139462508841495,-1.1174647951141647,2.4107294458527937,-0.24196968111272865,-4.111718090248402,1.7110078146145264,0.6279735562891988,3.0351465519787952,-2.0042004233646638,1.5938373867293674,-2.406441577802736,1.0885144677988643,0.464691286243421,16
2015-07-01,0.5811890159512904,-8.914190094290454,4.6231938821204634,10.394708144924131,1.357421088704806,-4.422491058541031,-6.851081618190483,-2.7604727247630345,-1.2735311427716107,2.4677769168205526,-0.4060484684294341,-1.352197070566183,2.7842053910135016,1.0514666396521855,3.48374302019766,-2.649065846025705,3.145818741772618,-3.1163389427605495,0.9131940781762277,1.1688266568085355,5
2015-08-01,0.06901233186420108,-8.678856013470842,3.0616313484427566,10.973576313228257,0.9123043323913016,-5.87949106200179,-7.204124229988582,-3.5594848630737435,-1.9483171682413607,3.1197869000935667,-0.21068347434890614,1.431709550870443,2.421868778285758,-0.003234206972187459,3.9926906256418406,-0.4995261634731371,2.003135974263854,-4.0353479802628796,-1.2561296868267071,0.15215015144194377,21
2015-09-01,-0.5626824524123254,-9.483799836127321,2.975388013908269,10.541096263169768,0.976592704945046,-5.280588127615871,-5.3446385272465395,-4.203375133139015,-0.6650286849588419,3.3180095267438894,-1.180127603116598,0.27641715839611225,0.5921124943404434,-0.7631986334015212,3.185149877038097,2.1787119055721877,0.018360632467403715,-2.6545994450699815,-1.482412181515926,-0.22306292488224533,10
2015-10-01,-1.504902346074858,-9.944038221674989,2.4222532469619833,10.28676602548164,0.29765365873573846,-4.25795129474239,-3.923326497606348,-4.789185707622112,1.1219232117797644,2.501566555055364,-1.0965677836923204,1.4451465148474565,0.917068639429077,0.7221943230474858,1.4814014121013468,1.3404231450935553,-0.0583543111122925,-1.8009969561264865,-1.7152025706278868,0.23917898975850627,7
2015-11-01,-2.0248969296227135,-10.80241346949583,2.51791382383355,10.320162862073431,-0.07131424904905037,-3.495427322753742,-0.8004454726752523,-5.336833625068193,2.7794530943105067,2.7259984854708397,-0.6032649257251677,2.294542060826918,0.5327258046960477,1.3421969694001141,0.2342597165146174,3.059354308388032,0.42316287046832035,-1.032318552557616,-2.318191041819179,-0.541151665952401,1
2015-12-01,-2.6866953885713096,-11.773156066639563,2.910240005646898,10.054175135720131,0.5041731360568011,-1.6992295046425783,0.08027657547774636,-5.65043932283406,4.44134727909429,2.362023312080379,-1.412962828189206,0.6371936930753425,0.9668621368347758,4.830405528674392,-2.2590422361367146,1.6997067241660873,1.6189952949195485,0.6788072882383114,-1.9869553249175858,0.1850106082918075,0
2016-01-01,-3.7648503510848306,-12.09828619556247,2.0635644167050335,9.459684791637116,-0.31800192764370117,-2.3136647275923696,2.029177755137339,-4.972523374809949,5.60224014655779,2.2449138994805113,-1.5553029282759172,2.6479409700617333,-1.5246258183049255,3.140093304691347,-1.9677041444488452,1.9410170643636688,1.002142253929665,0.7731888320562534,-1.3589535715509127,0.0002911117179007494,0
2016-02-01,-3.819722554752129,-12.994347235967513,2.3641020998231705,8.847956989448134,0.23431850604159932,-1.4122885151485032,5.109544666124477,-4.526177645855723,6.259167477554538,2.2614275734044833,-3.0486157330551706,0.5122316056727189,-3.956560173246089,3.465301952871698,-1.7334981704074344,4.207841218340632,-1.1528794935082383,1.9445811802946649,1.4279131920552657,0.011100998937254247,0
2016-03-01,-5.689975088148376,-12.527531809532585,0.6879730418648475,9.042491785479838,-0.9692230695028183,-2.6258546889526233,3.2038571175507875,-2.529907498856237,6.021517127102775,0.8374879490954601,-1.582040137435167,5.863852800282533,-3.2347260485382665,-0.2952894998744151,-2.998320266944173,0.9312603924987048,0.0540535060501357,1.115136695443684,0.7332906155362291,1.8852672481633879,0
2016-04-01,-6.03076745451812,-12.121691774270582,-0.43194515281068435,9.231116760449988,0.3711463671672077,-2.798584719807006,2.7326458481236475,-0.8807078093500873,5.179171272772067,0.573902524406147,-2.549976122510198,4.810677037215804,-3.3359377821220653,-1.6212804739099287,-2.0778851960263887,0.12350274918480342,-0.022563985705117418,0.6969476616032839,0.7617114892845839,0.3531897231761092,1
2016-05-01,-6.311323886498274,-11.306231509704117,-1.7193151752062499,9.389191322543454,1.2799395731453287,-2.380096150738857,1.0075783699935785,1.0626293904679502,4.125308867654762,-0.44800198489233306,-3.226775140946425,3.0993502835054136,-2.095957454259614,-2.0680339908368643,-3.363238040899244,-1.7618119572548043,0.33587903425320625,-0.05212783963893211,0.730873088428584,0.13588265056218962,0
2016-06-01,-5.426199038300622,-10.470838700692552,-1.4046981040669748,9.275475969481777,3.2046920898124855,-1.3667363939882977,0.3046740039273671,2.857318367570662,3.6609006496802934,-0.29719945810267806,-4.6038840272484425,-2.4497270832309086,-0.8763728965286169,-1.0299701193384048,-3.703201823415962,-1.1168829904664759,-0.41059854054848144,-0.20307134678512484,1.038663894611478,-1.7951906846091352,0
2016-07-01,-5.827379137306782,-10.07329223841591,-2.3539966803667296,9.127384372050724,3.5926195972159403,-1.464430311743968,-0.44595812701171406,3.8766415428037635,3.528100211206415,-0.8786359177992239,-4.7969047661411786,-3.0754138734095866,-0.14291241624982765,-3.2434942229552988,-3.2638573834404867,-1.3516216275229431,0.2742648268804827,-0.6466502275924402,0.4281536400488649,-2.9025546036327965,0
2016-08-01,-6.904262410388569,-9.845644187506261,-3.6833570776130196,8.063144834082447,3.571681593450129,-2.0392763075524356,-0.44812338575587596,4.647343332269669,2.411666908944511,-1.0327864235061346,-3.3732210806391985,-0.06389968222491968,0.4471160035745996,-5.042327108982153,-2.4501653358459525,-1.9201815469401406,-0.4060965422329418,-2.0174518109866266,0.07952882529965655,-3.614288144497548,1
2016-09-01,-7.1534783183041,-9.73332927181735,-3.8662528166127674,7.7235376261583415,4.308906038038707,-1.3164680848220458,0.39211855251922983,4.985447052800163,2.595020902899888,-1.17472516927273,-4.032121882413443,-1.9452157454532162,-0.35372939726805797,-3.499596426931024,-0.8715136245920639,-1.0066045071093197,-1.765975810424684,-1.1643502079442316,-0.09741546692903208,-2.4037793868969852,0
2016-10-01,-7.80211261448766,-9.648225970230863,-4.898866911469337,7.646617995967535,4.492743034888142,-0.482300709887418,1.709113648431861,5.069748812954322,2.7301489193660076,-1.8903774756856897,-3.45573162059409,-0.9514215049002788,0.6098562692591405,-1.9069896141191238,-0.2801215274708776,-1.5549325168224097,-0.9301698792982993,-0.08623653232654588,-0.1862964967530628,-0.7552654101523081,0
2016-11-01,-8.001653374665198,-10.1113770581635,-4.892789947686994,6.812965628777482,4.618468259409902,0.28163505083543744,2.931464994382738,5.089644265001081,2.5782677187535286,-2.787513645890714,-3.129101288488549,-1.0965539919621774,1.2695702188601705,-0.07498022553753696,0.9620775662564901,-1.1256014657210984,-0.5504322557136856,0.6627171435625333,-1.5919356519746497,-0.5132128845879128,0
2016-12-01,-8.978416366897385,-9.852165383823815,-5.1546071720861,6.465974059120031,4.862667637607499,2.2945481670067713,3.4421497167253534,5.097387146842206,2.7644286842553365,-3.9188474616572027,-2.4633164121645623,-0.9600943415211539,2.7415534789145193,3.4121724628897923,1.173323217815458,-2.8924384553883837,0.03987748783977166,0.628511105661073,-1.8431444597394333,1.7921902407064765,0
2017-01-01,-9.30494953103463,-9.03293590666975,-5.735902617954702,5.130551219006556,4.917819194459363,1.4138531561416812,4.616937304354688,4.825051700309774,2.3668393740780926,-3.457999066301815,-1.3999051622169678,0.10322222265087555,0.9824471900458196,3.4677483766142085,2.6857385977045127,-1.4642849306124661,-0.7307319071297241,0.9125060934825792,-1.0064271826837663,2.6683130625099762,1
2017-02-01,-9.041209044610685,-8.818964002766004,-5.848197704579115,4.984744076929092,4.947322694673493,1.5142626648729345,7.0571592060638295,4.417727779125436,2.2267314610743396,-2.244517260385385,-0.5956773112742402,-1.3055177209254238,-0.621701130166036,2.560090530491883,4.399579207694338,2.0654536833829895,-2.6468032085091178,1.3542595386021243,-0.5050500722478023,2.387985242419536,0
2017-03-01,-10.43446309776844,-8.833115148260086,-6.6924524628539785,4.365891363960206,3.7910936587612905,0.37008842668094943,4.089033523981015,4.753147989894594,0.4363252758087854,-3.2131192242528943,1.1278106249640794,3.14695979996789,0.019821273390456084,0.61819241568968,3.2166082921179866,0.02880375576901084,-1.7537010913106794,1.8608925303413144,-0.9423820478642221,4.167158457566776,0
2017-04-01,-10.075283416746194,-8.026949921048248,-7.843827291467114,3.512445731959159,3.603792952044619,0.30123682660410556,2.3969581990699202,4.657160749318343,-0.918707553725843,-2.1004291909639528,1.4807484440657606,1.7978499135161818,0.3730455279090956,0.5505601042349308,2.8662181396349604,0.4385037172730464,-2.1249092326367833,2.135804607987371,-1.219124878143891,2.806843277970893,0
2017-05-01,-10.017719007478071,-7.15066712474826,-8.13269496519739,3.6132554598421436,4.002681254601193,0.2868572775876062,0.3735984669480227,5.196620158725776,-2.4218315918318996,-1.5357630897210917,2.5426711770514947,1.282750673656297,1.7016715832371956,0.12754065570422035,1.1234195732933596,0.6586474448601909,-1.610733748041092,1.541729850318772,-0.5952282133742604,2.6024643881942096,1
2017-06-01,-9.33535439835984,-6.015128727713265,-8.036411741169445,3.48210277418094,4.737660313265162,0.7115028334267199,-1.3586689082369245,5.240354471660854,-2.8001785444466645,-0.3200708641428317,0.7141855560113043,-2.963313718691136,1.962495068730932,0.6765737568318179,1.7097315244526887,1.8131689558689388,-0.7519719140504747,0.266298507401046,0.32105794409867616,1.9349997544042823,0
2017-07-01,-10.063565230209061,-5.325048062928564,-8.799500018519288,3.2811178843141606,4.682219454395156,0.4274548807862482,-2.623043291820065,4.88055344507305,-3.3444482664262605,0.562565353735379,1.9790639966746302,-1.76833851848097,3.185799471829326,-0.03441319094358963,1.313592752080769,2.3507549981149056,-0.8191361743469254,-1.6127923153055967,0.6636911126510958,1.255720702924474,0
2017-08-01,-10.95637314598744,-4.70092478460488,-9.43338479875844,2.735922648779994,5.049983127202852,0.23377828969883485,-3.805656992939687,5.069442940678293,-4.308289907945624,0.7463420977312749,2.9626670355574714,0.3634516060129412,3.193193665982079,-1.6029254934942812,0.6659756171603386,1.965437825764809,-0.6181711568916909,-1.3831821909235709,1.6598146647766416,0.14205278714515496,1
2017-09-01,-12.042451246741997,-4.793462753487036,-9.69030809749361,2.1793865684715055,5.647430426813365,0.17874870904738221,-1.9630178635398527,4.7767892905402105,-4.167263141785524,1.1883018496408697,3.584994605810062,0.3553684689320029,1.4658055853584617,-2.289182189747816,0.2218666869192455,2.7357891662211093,-0.9007314684158814,-1.1789030942696153,1.9405299780486642,-1.297128917279492,0
2017-10-01,-12.809038736061959,-4.8851036030333645,-10.211758606038138,0.913266012380382,5.493870069926559,1.144966104337219,-1.1912603335320315,3.5542216611470803,-2.987710647075808,0.6978086292476119,3.9211236346790117,0.7605793500905016,1.2342218538326648,-1.1662442871765104,-0.07304581826994427,1.299992777121602,0.23537119700239417,-0.20355603322214827,1.840093692026036,-1.4533761121835838,4
2017-11-01,-13.448178432383882,-5.1549832730162235,-10.13063449054901,-0.4727331077343644,5.628244301478942,1.3753088165278442,0.46016622833325205,2.0267377069989454,-2.4362299657810604,1.2025227846420368,4.909858356196914,0.5685087355273047,2.0839704848556284,0.49974893949474,-0.7008233081778411,1.0764397684878564,1.7514738919018522,0.21769383933647732,0.6638378156129376,-2.5413229600407243,0
2017-12-01,-14.399077449107649,-5.600234045827099,-10.152962261559715,-1.1748226048069002,5.601861222236116,2.765200102444704,1.1498458100265223,0.8845444956359282,-1.5011518201395164,1.0569867181089978,4.272069331407197,-0.49439068497790073,3.5477371554794495,2.7039870856584,-1.528587702030999,-0.8938606100640561,4.43365148338466,0.9886233809448937,1.0163495772708466,-2.1661323016938394,2
2018-01-01,-15.235571359791255,-5.729883646489525,-10.291171453554334,-2.207327210030064,4.218375152592918,1.163956320085119,2.135612311568073,0.34848606837415597,-1.2417614414975175,1.4664546584054372,4.659230631671607,1.1074568238060287,1.9526645978619506,0.7462379057694966,-1.184099559034553,-0.5417683662565054,5.1412528322856375,1.094459657438978,1.0719841044884117,-2.173952970497918,2
2018-02-01,-15.803423073633153,-5.956582297605105,-9.766425150726791,-2.593422095989141,3.387034445968457,1.3629420122776423,4.5126280461606765,-0.7142607467019012,-0.23365756788018271,2.909098226642327,4.753500629429395,-0.28013621412757717,-0.4832367950335274,-0.6309851797836812,0.1358045319996547,1.9076843841986026,3.954491172092224,0.06514369705475856,1.0284809815705955,-2.613329366127657,0
2018-03-01,-17.362224111562192,-5.941424071434322,-10.152118075502703,-3.1313489341221414,1.460954173598196,0.34883435981752875,2.0841577240435964,-0.9834896052232607,-1.3596644169858498,1.94989363117876,5.103518776712134,3.149457385375943,-1.7254163956911992,-1.9218784543586298,-0.9985830540239411,-1.5320278801677145,3.8791219960990375,0.187789770419573,0.20197837384725958,-0.07151036345148237,0
2018-04-01,-17.694812552325146,-4.8592360343412295,-10.552922752172034,-3.263102208749547,1.3674772564359206,0.34633818950768513,1.561126286196275,-1.080632704363233,-1.5238988675698808,2.964744957478317,3.8959554335461717,1.7851696798744896,-2.8667966737759283,-1.1966218905359713,-1.0793370989747304,-0.9206756892284168,2.752164261660369,-0.22331473940915486,0.3024290315647036,-0.03149555549273893,0
2018-05-01,-18.039921160211666,-4.299338621232928,-10.232157724762011,-3.4222550134868905,1.2903951533659814,0.5654468770688297,-1.0304472090748058,-1.032123504293927,-1.9092688087395868,2.6667418414068904,2.7504613098068162,0.3461222040631997,-3.1105715603014112,0.10438530490440334,-1.8896741892615865,-2.7935931227400483,1.59845262334432,0.2676960800606497,-1.8632895667015723,0.1392092410498309,2
2018-06-01,-17.729725119543694,-3.7766999445418117,-9.255969086862333,-3.3392249645756693,1.8864412384495062,0.8838558457185182,-2.0949436150551146,-1.2591789396257362,-1.9388001403453652,2.873488106228477,0.5917990398318306,-4.187824089718439,-3.993177297197163,1.6805839364283384,-1.5807386624930475,-1.664967134318279,0.5077805683305426,1.329636972225651,-1.9300294916875949,-0.5180590318747195,0
2018-07-01,-18.227965150044056,-3.2185536345644077,-9.415728640739351,-3.842814418768768,1.168326357105082,1.2977991437757581,-2.908396219061015,-1.7226857405117664,-2.473430601935223,2.926884096074338,0.761286000700911,-4.18649939123153,-4.440954772266173,1.995163499158333,-2.2724536680831924,-1.2306013725126819,-1.7691990005455729,1.6708413645920357,-2.478285729944308,-0.7414521503771953,2
2018-08-01,-19.515293678036883,-3.171422161477914,-9.424499093939703,-3.7310691241213836,0.5829519593051478,1.1622365337489104,-3.596038611162393,-2.2211443597328224,-2.3424811869274564,2.3718835665265714,-0.29472958254351367,-2.223041957969256,-5.398960236167232,0.9960619192991649,-0.8899639427187296,-1.9421867494197067,-1.7218768665365132,1.101674932793044,-2.563931042890931,0.20263693361367663,0
2018-09-01,-20.10489076388707,-2.8139243662742746,-8.866436853111178,-4.280736579295637,0.3432732236251788,0.902926975094666,-2.6122464465583475,-2.5397877596103777,-1.9103865340306758,2.649576337833468,0.2089957822308775,-3.002332199676098,-5.168538678262465,0.5566856895985212,-0.6037877531622227,0.617760651543244,-2.287692545164985,0.11641499936776631,-2.615899610535166,-0.8962604113383646,1
2018-10-01,-20.69537460632492,-2.775956185780133,-9.458687204137203,-5.200106415133717,-0.6035626756973808,1.552575501392591,-2.3418024815076484,-3.627170388815383,-1.5194163383904227,1.7570332446895174,0.6399164061114068,-0.9270791589481413,-4.2905888522922915,1.8195872324941478,-0.4601186169567692,-0.8458442722380789,-1.6650124834546067,-0.32188211821598134,-1.7847951011312104,-0.05516274408712596,0
2018-11-01,-21.172328949460116,-2.722017991008857,-8.6358866302336,-5.929627505793015,-1.7860385421284533,2.027180746074703,-1.6864113099052442,-4.3727405614978885,0.03385447991564988,1.5012297054956556,0.4571514533751373,-0.760789717889747,-3.27550709366617,2.0880761647370325,0.2453737996327435,0.1531544353297657,-1.0938427603102727,-0.9397916732326503,-0.7810185297179096,0.3510061243962175,0
2018-12-01,-22.03691450779548,-2.9531970731511477,-8.787014787459606,-6.45755974466963,-2.3106601563901537,3.2727914868831722,-1.932614153192399,-5.496102978173479,1.1913739462755686,0.581749074950529,-0.32964054757675887,-0.6535908979495356,-1.5804245308514395,4.1191840166288625,0.32013585609452894,-1.5080837052742446,0.25817311992602543,-1.3589904934449166,-0.9542698426594334,1.672834520177605,0
2019-01-01,-22.052897748820016,-3.076067945573313,-8.735707707697065,-7.141572901990783,-3.5460499751065893,2.715823441800023,-0.7311185417161353,-4.695718166594016,1.276348287669969,0.4774405410763536,-0.1464934462615729,-0.42240499551848637,-1.0329258521664295,3.1518217580954033,0.8752421150834886,0.36923766488579,-0.7628589777386998,-2.0106507668104383,1.1309023219209875,1.3885990393828849,0
2019-02-01,-21.664396615429872,-2.8768635973401073,-7.81988359147912,-7.602640402216607,-3.5838345385938184,1.9564098737766304,2.089350726076356,-4.974617554047125,1.7095728876268994,1.1763964836422791,-0.07640042667277491,-1.2413658512333454,-2.5795676999031283,0.4188993597185334,2.7367924351277177,3.769928573988836,-1.8906387275628036,-2.2074091533750297,2.0638590477846446,-0.5384224678577925,1
2019-03-01,-23.19532556358413,-2.308835717632653,-7.516575690596542,-7.121829175729076,-4.852195623995856,0.9959950905660566,-0.24880494414938992,-3.651850191169595,0.9057026382411693,-0.18229575459844577,0.6411950408065974,2.6654989733568732,-0.7809378077910745,-1.581890878131928,-0.68719970641892,-0.26846521742310203,-0.7306334316030805,-1.3896110918932751,1.9534612887271174,1.586528478389605,1
2019-04-01,-23.56042633525771,-1.3628848436236485,-7.420444237017114,-6.12075064638559,-4.502082683487009,0.49259344482405865,-0.3346240196881571,-2.7326912833237436,0.5998946610042386,-0.44109973502835653,-0.3569551383703626,2.8551523669541248,-0.4871491720636293,-2.7905908064135705,-0.39791758419985407,-0.41966407883734635,-0.8090254750253849,-0.0492695752530867,2.9201991305893147,1.3267340877607188,2
2019-05-01,-24.002430045036192,-0.8097398133410985,-7.398228532396793,-6.1845621869979315,-4.6470366382041775,-0.29440702713264705,-2.81451657859415,-1.937898296462265,0.08719393070466053,-1.0671912229157432,-1.881691287398163,2.512506562735681,-0.12481449280499426,-2.5375009956116066,-0.07223410830854968,-2.0186122436959395,-0.46072187006755994,0.07279760692237672,1.6913510490990604,1.6403239020417422,3
2019-06-01,-23.494838126137346,0.30832043693024613,-6.846997007972246,-5.574930163527662,-4.446978559950425,-0.11098740984961875,-3.1206623952401107,-1.2731876363278591,-0.3157606650213032,-0.4374231500829242,-3.891489008661425,-1.3003229436806116,0.192386782730514,-1.5155397006927787,-0.008581934837216802,-0.26661229870640957,-1.1334615496806693,0.22457582089860362,2.0863693265205696,0.8514534452646907,1
2019-07-01,-24.25052970060672,1.4695373362693314,-6.2138542130315635,-5.731438584183382,-4.879391460207541,-0.27226540916458286,-3.8593058427857043,-0.7955770529412702,-0.9255774065200962,-0.8368778993326441,-3.5598496031975966,-1.4948699318177958,1.516554861938941,-2.176552795115272,-0.6382254543143703,0.03603463741450763,-2.028968447947416,0.5175352637110575,1.064384292897115,-0.19218306594636658,3
2019-08-01,-24.823610988606536,2.177857424191756,-6.1858084904054005,-5.473286932443188,-5.064377979421158,-0.03432501097170104,-4.22446035582012,-0.8225790317262482,-0.5751678497682282,-1.113803583627655,-3.823357209737157,-1.094773699599877,2.1825363201279933,-2.0335962952899393,0.050682577955785305,0.41490883383556454,-3.1950422042882214,0.014627135240911793,0.8229001460663927,-0.5836443491318982,3
2019-09-01,-25.864359912646375,2.2080075281869553,-6.26133615202298,-6.020067662537708,-5.8007896836478325,-0.39459569055009447,-3.3999992884542727,-1.0200702992860333,-0.56195903745401,-1.3970077090540816,-4.016758191738065,-1.0960831113109517,1.433796260881204,-2.1521510331265787,0.9697930654719445,1.4410159120308392,-2.8176668380801453,-1.1747193023171434,-0.19148041541888372,-0.9089655935827335,1
2019-10-01,-26.82685741838772,2.250677731709765,-6.299773979826011,-6.396496612543335,-6.960744033471369,0.013168834526555484,-2.7450563178710197,-1.755745347012703,-0.08733333294826218,-3.026590598905282,-3.6392518281536215,0.6161220667002507,2.903117179013771,-1.2838899371811197,0.7674014013657422,0.09127491411736521,-1.644543773952185,-1.0621251495924617,-0.5099163401031678,-0.6454287741029735,3
2019-11-01,-27.436559861727037,2.1580305213782234,-5.667798414919596,-6.73043981187869,-7.545174701632305,0.2472841231307733,-1.5339551053798175,-1.9499797736990458,0.34949923464933796,-3.654416310095166,-2.9458665119181573,1.149205900521369,4.305310526617834,-0.04191595352165878,0.36789166714627153,0.5210389772394648,-0.48122088470128044,-0.06873304986641426,-1.2620223733259346,-0.8478082275294653,5
2019-12-01,-28.154313412593012,2.106346645249468,-5.170607189878011,-7.226799584564104,-7.5166731452301745,1.2519330729899163,-0.8180840372271934,-2.4597169462357296,1.522081182430645,-4.387612066801992,-4.254904699541151,0.47667271464984384,5.9700995141074,2.993941844144151,0.5390804914750966,-0.8172137201399006,1.5549260741222366,0.585369919405969,-0.6557722589071313,-0.48064919841655307,8
2020-01-01,-28.15420567764604,2.517411732437196,-4.47650210358928,-6.792648651493379,-8.380730654695496,0.2842355159765293,0.9666819399189321,-2.100432188534018,1.4775582266973544,-3.9158022687345646,-3.9400264724593,0.7571460855870531,5.279054821896137,1.5139912378247558,0.9492794538419446,0.0324102124469805,2.469134336597212,1.3452185068042541,-0.2780162759937326,-0.9768422019396845,4
2020-02-01,-27.48799563719174,3.109159782883142,-3.250657396313513,-5.839602761063804,-8.3386631667544,-0.3112286990242302,4.600875750284162,-1.0357296116398693,1.7279176130306162,-2.174439543351445,-2.171410198845308,-0.30215625481756325,3.309392372723841,-0.5728512759942382,1.044977656343156,3.4098285814318445,0.8570474432067154,1.8665599551945844,0.7134362879833118,-2.319465491384448,4
2020-03-01,-28.17808031453304,4.871890811016122,-1.9075551056517628,-3.5446592864575663,-8.694393368673042,-2.6109393356339163,2.524167143256239,-0.11050054608482363,0.8591321397903986,-2.545996439009873,-1.3169024219231167,2.9218397921562156,2.1339089993031157,-1.5544680863947593,0.06701541200407754,-1.2524334801993504,3.546362294649218,1.5809082953112572,0.06873088210952316,0.23312491466032625,1
2020-04-01,-26.887140330509325,9.201456828834669,0.9745430975801106,-1.063239105512533,-8.91264088154752,-5.64151840754128,3.7869036237682456,1.5444819720451703,1.1364857931504782,0.02291460568882997,-1.129973934388893,-0.6348054773583751,-0.8778026951858733,-2.122749751065579,1.457878373262043,1.2828103653597607,4.64334777350628,1.5775761371477799,0.3187360404843478,0.22196290671221974,3
2020-05-01,-25.9954470527083,12.133844042284663,3.014787979140713,1.0087373594732945,-9.221822494882465,-7.3699136377956,2.848565817631613,3.7706086898226983,0.42036198078664,1.1242575395746373,-1.133933605982136,-3.173842229447454,-2.9708272957331383,-2.0099104405592296,1.7666270434142746,1.8380546665525412,5.185229462067233,1.9718920691257034,-0.03772062177952629,1.6703928774934051,3
2020-06-01,-25.035010078317924,14.439085037255497,4.4068726209910505,2.7519117128083908,-8.685898927280675,-8.079729318500723,2.061453289015346,6.100307607113696,-1.50257564399802,1.7177951233294937,-0.4133630319567389,-4.795024281185383,-4.69881861022917,-0.974095618709934,1.0695188706077186,0.844194117951075,3.6628296621590035,2.6697348678252775,0.4581368439832878,2.4156789446264,1
2020-07-01,-25.694775303753953,15.762260840955378,5.026471029377924,4.573905295522066,-6.902851890219672,-7.881494013051109,1.1074966968089588,6.083636313801957,-2.2950784900497174,1.0161335504379707,0.274427437466785,-3.0779963743667063,-2.5922841857349703,-0.22812443984075348,0.05384291784093451,-0.2032185914793212,1.5009174567022532,1.9750663115948732,0.08127088181414965,0.9350369850186983,3
2020-08-01,-26.646888775320203,16.637905831790697,5.3058621379841675,5.451376878352455,-5.648359862685449,-7.8361688252595325,0.34628160685346976,5.047932793801463,-3.1334541734499606,1.6666201241372696,1.8401526449529528,-1.0357983694036932,-1.6762840935127326,0.7717570122759807,-0.7195467657650368,-0.7085041786427568,-0.5819335217293689,0.20718238920690352,-0.015054344075444703,1.1102531725593887,2
2020-09-01,-27.448847371797033,15.66490076313079,5.413891326788075,4.598917405184369,-4.458804719371097,-6.368273706019652,1.1079507427974113,4.487683176835254,-3.0949894899275883,1.6388843367913235,1.693997756807766,-1.1112368411997098,-0.30079038229374466,1.103881800193874,-1.4241321314672921,0.1618265178544751,-2.3210642301589175,-0.23016657468804713,0.7073512569550742,-0.36212404528309183,1
2020-10-01,-28.233927690974152,15.638632430947649,5.450142049582963,3.9029720284503355,-4.238247079844944,-4.764629858452716,1.4642700453288446,3.6584168493259215,-2.3422859477879956,1.2449163932211982,1.9794867444840838,0.5960956545250046,1.056368256890706,2.282833588106038,-2.1256242236320944,-1.246282849261021,-2.4190482869436067,-1.412710170518817,0.35953660914288577,0.026828298434696363,6
2020-11-01,-28.684559835137378,15.270445923310715,6.261280774156674,3.50962978475167,-3.1084665179703035,-3.222720525396835,2.8580751162931852,2.785924646967355,-1.3610543372981097,0.5410981806644048,2.342031606888487,0.4280683911418818,1.4799437499504644,3.9123402179662294,-1.737902157450805,-0.7752074077735145,-2.1996610839585142,-2.6708955755919224,-0.44801134463781245,-1.3801649677248053,6
2020-12-01,-29.820214661184437,14.79977928126025,6.645811109088934,3.1080671280045005,-3.4146187902230816,-1.3709127789790299,2.8593137540280136,1.8037810363288742,-0.7505443280605597,0.12552465879413421,2.8182868755411086,1.4892378379882394,3.032901374461701,5.173173031668871,-2.7896957223383607,-1.395317625552193,-1.5358866189428229,-2.756790361988463,-1.993908048080818,-0.7883172573836394,0
2021-01-01,-30.58159039659546,14.533240609427793,6.422721450747771,2.8281747897820013,-1.6912469788663946,-0.7489584093578769,3.578716471284242,0.6077568463137824,-0.3259248266438213,-0.789891218175479,3.1457427263128013,2.957979735249436,1.7797146540854376,3.2880274892562187,-1.0483076049361264,-1.1061642506710303,-1.3512937939794916,-2.736632440182522,-1.7937146417536929,-1.7344125317113661,3
2021-02-01,-30.46424851378726,14.49809221333593,7.29673131824268,2.4393148893385255,-0.34284965349239327,0.3719680163795147,6.1847004203186,0.2016315250293641,0.1600916726244601,0.21186908666244308,3.4023377927363847,1.4457985000429248,0.6557631182271826,2.082751815376963,-0.471633285242286,2.5897595031209546,-3.232742979083275,-2.1833585222107024,-0.24243743560683417,-3.181613783067003,2
2021-03-01,-31.730174490476614,14.172125295416988,7.225071958628562,2.1112096604722357,0.604004032554468,0.7424168277289959,3.0459282428865357,0.10580868747691441,-0.0455727608828187,-1.6327999593279579,2.9776733462321525,4.110311167837531,0.24719030306053913,0.6300407550650362,-1.199190144814989,-1.3241443665393078,-1.5447101854928118,-1.0645911961464822,-0.29601190525862897,-0.6393962985276712,2
2021-04-01,-32.01110144008689,15.67484025063447,7.124786556692364,1.575179382227935,2.4465305010515506,1.4781549449629647,1.943106459947995,0.04961785398438412,0.6007395815116136,-0.5796845632121895,1.0646539109241084,2.497478240825503,-0.7641667601276169,0.9228595919131812,0.31961105260471767,-1.1142465514738906,-1.827056562355102,-1.7216689119249056,-0.4575688845554853,-0.9624559131361976,4
2021-05-01,-32.79638318507928,16.54603167896574,8.209147394188118,1.1155010023685004,3.6956569407195015,1.8109445355312703,-0.6383324891063178,0.11224642877593305,0.5551215418228503,-0.1650194276588529,0.7099390153297961,1.8754352013648437,-0.6891322776624778,0.2455421243415684,-0.4389013915620492,-1.6848017841857876,-0.7309913938626236,-1.3583373522593332,0.18632272783907622,0.837564080672925,3
2021-06-01,-32.585210979788556,18.130966304095583,9.813962164680742,1.1543143606720219,6.573834478642819,2.299666563775988,-1.6882242048694378,0.27526256679887906,1.3799898849914478,1.172313410538634,-1.0897107584664618,-1.7389985857452572,-1.3379100753270952,-0.3305622246774962,0.5682545748992089,-0.6161034449911507,-0.10402584144579546,-1.1292815262083293,0.9656604119053207,-0.09336954806875253,4
2021-07-01,-33.15951240634327,18.38775964071903,9.65660702819171,1.163778310859883,7.880578696280654,3.2394776734128046,-2.930957827142929,0.2551445920725318,1.6577756057090722,1.086163453087929,-1.1112881902520673,-1.7782341570510916,-1.42690336933849,-1.5929928411383005,0.5595679870228146,-0.8404453796684949,0.8969242225437348,-0.48199132542752426,1.0050915680027352,1.41090128311028,2
2021-08-01,-33.553586719937776,18.536313651353932,9.290125755193296,1.0456134725168909,9.34548953532616,4.199586500543026,-3.149360877267112,-0.45354229578622307,1.6594598266387346,0.9250843546463678,-1.2113467948038692,-1.8957118871728875,-1.5788755047764556,-2.2023326290235197,0.6376572022326629,-0.06698762766066779,0.4909203109162268,0.30525978602336207,0.7289319064150668,0.9589036195841001,2
2021-09-01,-34.60040856193322,18.057131413080633,9.707107297696156,0.25506261865754176,9.472137250506682,4.3857561235745015,-2.344596963323358,-1.4455486929927883,1.172066617864762,1.0606355287022797,-0.9781748366796293,-0.6188607091559893,-2.2815364023743725,-3.6678542329255066,1.1248530246752264,1.8276129926610305,0.26746888443325634,0.4841937573884787,-0.20905509178739878,0.4474359466067168,3
2021-10-01,-35.66534955069697,17.457347858434524,9.255727037411441,-0.46323722633305536,10.073215991275951,5.719155223784843,-2.112505203721135,-2.766658737817896,1.987635377685337,0.2387376544285349,-1.3883573989324725,0.7058939752915765,-0.9609530110743598,-2.609838827297261,1.2356352116436962,1.2013557937028034,1.0648698071111518,0.8580317806276919,-0.47720272660790086,0.8116444871500228,9
2021-11-01,-36.80800460572851,17.184393667316893,10.107268712249756,-1.4497248956149866,12.121264617931649,7.668588010395588,-1.8765953204226427,-3.4641705656545296,1.9434136529684691,-1.2369429591842038,-1.0628847473330376,1.6461770204216781,1.2104232015390182,-1.971417308387267,0.45856295368309086,0.3313965235353593,1.4683611371213676,2.5127707595297486,0.37717827883089594,0.2139824546810315,6
2021-12-01,-37.65476867738365,16.286289156929076,10.630951916107469,-2.7849048037836166,12.375095809510393,9.896529374957193,-1.7181583248970524,-5.726403850425438,2.5796471016433014,-1.3425842950354203,-1.3185449511599958,1.3794523939666812,3.303006415353257,-0.17957745239546408,0.10836552359382218,1.1188788117563306,1.7811458783656084,3.2548757754443325,-0.9416733377067705,0.28516155844669433,7
